1100,서울특별시,종로구제1선거구,5110101,1101,종로구,합계,,63740,36803,15957,20302,36259,544,26937
1100,서울특별시,종로구제1선거구,5110101,1101,종로구,거소투표,,79,78,29,42,71,7,1
1100,서울특별시,종로구제1선거구,5110101,1101,종로구,관외사전투표,,3975,3974,1924,1978,3902,72,1
1100,서울특별시,종로구제1선거구,5110101,1101,종로구,청운효자동,계,9179,4885,2436,2381,4817,68,4294
1100,서울특별시,종로구제1선거구,5110101,1101,종로구,청운효자동,관내사전투표,1732,1731,951,738,1689,42,1
1100,서울특별시,종로구제1선거구,5110101,1101,종로구,청운효자동,선거일투표,7447,3154,1485,1643,3128,26,4293
1100,서울특별시,종로구제1선거구,5110101,1101,종로구,사직동,계,8057,4446,1761,2607,4368,78,3611
1100,서울특별시,종로구제1선거구,5110101,1101,종로구,사직동,관내사전투표,1699,1695,843,817,1660,35,4
1100,서울특별시,종로구제1선거구,5110101,1101,종로구,사직동,선거일투표,6358,2751,918,1790,2708,43,3607
1100,서울특별시,종로구제1선거구,5110101,1101,종로구,삼청동,계,1962,1002,409,587,996,6,960
1100,서울특별시,종로구제1선거구,5110101,1101,종로구,삼청동,관내사전투표,319,317,160,156,316,1,2
1100,서울특별시,종로구제1선거구,5110101,1101,종로구,삼청동,선거일투표,1643,685,249,431,680,5,958
1100,서울특별시,종로구제1선거구,5110101,1101,종로구,부암동,계,7693,4135,1876,2215,4091,44,3558
1100,서울특별시,종로구제1선거구,5110101,1101,종로구,부암동,관내사전투표,1233,1233,608,603,1211,22,0
1100,서울특별시,종로구제1선거구,5110101,1101,종로구,부암동,선거일투표,6460,2902,1268,1612,2880,22,3558
1100,서울특별시,종로구제1선거구,5110101,1101,종로구,평창동,계,14730,7928,2975,4859,7834,94,6802
1100,서울특별시,종로구제1선거구,5110101,1101,종로구,평창동,관내사전투표,2449,2449,1053,1353,2406,43,0
1100,서울특별시,종로구제1선거구,5110101,1101,종로구,평창동,선거일투표,12281,5479,1922,3506,5428,51,6802
1100,서울특별시,종로구제1선거구,5110101,1101,종로구,무악동,계,6417,3796,1678,2054,3732,64,2621
1100,서울특별시,종로구제1선거구,5110101,1101,종로구,무악동,관내사전투표,1540,1540,757,750,1507,33,0
1100,서울특별시,종로구제1선거구,5110101,1101,종로구,무악동,선거일투표,4877,2256,921,1304,2225,31,2621
1100,서울특별시,종로구제1선거구,5110101,1101,종로구,교남동,계,8124,4633,2003,2553,4556,77,3491
1100,서울특별시,종로구제1선거구,5110101,1101,종로구,교남동,관내사전투표,1683,1682,810,838,1648,34,1
1100,서울특별시,종로구제1선거구,5110101,1101,종로구,교남동,선거일투표,6441,2951,1193,1715,2908,43,3490
1100,서울특별시,종로구제1선거구,5110101,1101,종로구,가회동,계,3524,1920,865,1021,1886,34,1604
1100,서울특별시,종로구제1선거구,5110101,1101,종로구,가회동,관내사전투표,884,884,441,424,865,19,0
1100,서울특별시,종로구제1선거구,5110101,1101,종로구,가회동,선거일투표,2640,1036,424,597,1021,15,1604
1100,서울특별시,종로구제1선거구,5110101,1101,종로구,잘못 투입·구분된 투표지,,0,6,1,5,6,0,-6
1100,서울특별시,종로구제2선거구,5110102,1101,종로구,합계,,66076,33838,16747,16376,33123,715,32238
1100,서울특별시,종로구제2선거구,5110102,1101,종로구,거소투표,,75,69,28,31,59,10,6
1100,서울특별시,종로구제2선거구,5110102,1101,종로구,관외사전투표,,4094,4091,2093,1916,4009,82,3
1100,서울특별시,종로구제2선거구,5110102,1101,종로구,종로1·2·3·4가동,계,6253,2473,976,1459,2435,38,3780
1100,서울특별시,종로구제2선거구,5110102,1101,종로구,종로1·2·3·4가동,관내사전투표,857,857,371,463,834,23,0
1100,서울특별시,종로구제2선거구,5110102,1101,종로구,종로1·2·3·4가동,선거일투표,5396,1616,605,996,1601,15,3780
1100,서울특별시,종로구제2선거구,5110102,1101,종로구,종로5·6가동,계,4426,1919,844,1033,1877,42,2507
1100,서울특별시,종로구제2선거구,5110102,1101,종로구,종로5·6가동,관내사전투표,657,657,330,311,641,16,0
1100,서울특별시,종로구제2선거구,5110102,1101,종로구,종로5·6가동,선거일투표,3769,1262,514,722,1236,26,2507
1100,서울특별시,종로구제2선거구,5110102,1101,종로구,이화동,계,6313,3085,1592,1430,3022,63,3228
1100,서울특별시,종로구제2선거구,5110102,1101,종로구,이화동,관내사전투표,1162,1161,646,485,1131,30,1
1100,서울특별시,종로구제2선거구,5110102,1101,종로구,이화동,선거일투표,5151,1924,946,945,1891,33,3227
1100,서울특별시,종로구제2선거구,5110102,1101,종로구,혜화동,계,14010,7413,3689,3569,7258,155,6597
1100,서울특별시,종로구제2선거구,5110102,1101,종로구,혜화동,관내사전투표,2905,2905,1554,1276,2830,75,0
1100,서울특별시,종로구제2선거구,5110102,1101,종로구,혜화동,선거일투표,11105,4508,2135,2293,4428,80,6597
1100,서울특별시,종로구제2선거구,5110102,1101,종로구,창신제1동,계,4952,2662,1378,1208,2586,76,2290
1100,서울특별시,종로구제2선거구,5110102,1101,종로구,창신제1동,관내사전투표,1406,1406,780,566,1346,60,0
1100,서울특별시,종로구제2선거구,5110102,1101,종로구,창신제1동,선거일투표,3546,1256,598,642,1240,16,2290
1100,서울특별시,종로구제2선거구,5110102,1101,종로구,창신제2동,계,6772,3042,1644,1336,2980,62,3730
1100,서울특별시,종로구제2선거구,5110102,1101,종로구,창신제2동,관내사전투표,794,794,487,282,769,25,0
1100,서울특별시,종로구제2선거구,5110102,1101,종로구,창신제2동,선거일투표,5978,2248,1157,1054,2211,37,3730
1100,서울특별시,종로구제2선거구,5110102,1101,종로구,창신제3동,계,5484,2957,1416,1476,2892,65,2527
1100,서울특별시,종로구제2선거구,5110102,1101,종로구,창신제3동,관내사전투표,1214,1214,634,543,1177,37,0
1100,서울특별시,종로구제2선거구,5110102,1101,종로구,창신제3동,선거일투표,4270,1743,782,933,1715,28,2527
1100,서울특별시,종로구제2선거구,5110102,1101,종로구,숭인제1동,계,4987,2441,1175,1219,2394,47,2546
1100,서울특별시,종로구제2선거구,5110102,1101,종로구,숭인제1동,관내사전투표,1028,1028,526,471,997,31,0
1100,서울특별시,종로구제2선거구,5110102,1101,종로구,숭인제1동,선거일투표,3959,1413,649,748,1397,16,2546
1100,서울특별시,종로구제2선거구,5110102,1101,종로구,숭인제2동,계,8710,3678,1910,1693,3603,75,5032
1100,서울특별시,종로구제2선거구,5110102,1101,종로구,숭인제2동,관내사전투표,1389,1387,757,605,1362,25,2
1100,서울특별시,종로구제2선거구,5110102,1101,종로구,숭인제2동,선거일투표,7321,2291,1153,1088,2241,50,5030
1100,서울특별시,종로구제2선거구,5110102,1101,종로구,잘못 투입·구분된 투표지,,0,8,2,6,8,0,-8
1100,서울특별시,중구제1선거구,5110201,1102,중구,합계,,59549,31108,13728,16800,30528,580,28441
1100,서울특별시,중구제1선거구,5110201,1102,중구,거소투표,,45,45,13,26,39,6,0
1100,서울특별시,중구제1선거구,5110201,1102,중구,관외사전투표,,4297,4290,2111,2088,4199,91,7
1100,서울특별시,중구제1선거구,5110201,1102,중구,소공동,계,1897,941,355,568,923,18,956
1100,서울특별시,중구제1선거구,5110201,1102,중구,소공동,관내사전투표,262,262,127,127,254,8,0
1100,서울특별시,중구제1선거구,5110201,1102,중구,소공동,선거일투표,1635,679,228,441,669,10,956
1100,서울특별시,중구제1선거구,5110201,1102,중구,명동,계,2318,1096,407,672,1079,17,1222
1100,서울특별시,중구제1선거구,5110201,1102,중구,명동,관내사전투표,429,429,189,229,418,11,0
1100,서울특별시,중구제1선거구,5110201,1102,중구,명동,선거일투표,1889,667,218,443,661,6,1222
1100,서울특별시,중구제1선거구,5110201,1102,중구,광희동,계,4262,1703,571,1108,1679,24,2559
1100,서울특별시,중구제1선거구,5110201,1102,중구,광희동,관내사전투표,273,271,118,151,269,2,2
1100,서울특별시,중구제1선거구,5110201,1102,중구,광희동,선거일투표,3989,1432,453,957,1410,22,2557
1100,서울특별시,중구제1선거구,5110201,1102,중구,을지로동,계,1572,665,274,380,654,11,907
1100,서울특별시,중구제1선거구,5110201,1102,중구,을지로동,관내사전투표,216,216,103,110,213,3,0
1100,서울특별시,중구제1선거구,5110201,1102,중구,을지로동,선거일투표,1356,449,171,270,441,8,907
1100,서울특별시,중구제1선거구,5110201,1102,중구,신당동,계,6849,2955,1214,1670,2884,71,3894
1100,서울특별시,중구제1선거구,5110201,1102,중구,신당동,관내사전투표,941,940,416,490,906,34,1
1100,서울특별시,중구제1선거구,5110201,1102,중구,신당동,선거일투표,5908,2015,798,1180,1978,37,3893
1100,서울특별시,중구제1선거구,5110201,1102,중구,신당제5동,계,8896,4362,2150,2114,4264,98,4534
1100,서울특별시,중구제1선거구,5110201,1102,중구,신당제5동,관내사전투표,1894,1891,981,850,1831,60,3
1100,서울특별시,중구제1선거구,5110201,1102,중구,신당제5동,선거일투표,7002,2471,1169,1264,2433,38,4531
1100,서울특별시,중구제1선거구,5110201,1102,중구,동화동,계,8502,4833,2061,2702,4763,70,3669
1100,서울특별시,중구제1선거구,5110201,1102,중구,동화동,관내사전투표,1907,1907,897,977,1874,33,0
1100,서울특별시,중구제1선거구,5110201,1102,중구,동화동,선거일투표,6595,2926,1164,1725,2889,37,3669
1100,서울특별시,중구제1선거구,5110201,1102,중구,황학동,계,11077,4816,2214,2481,4695,121,6261
1100,서울특별시,중구제1선거구,5110201,1102,중구,황학동,관내사전투표,1513,1512,713,740,1453,59,1
1100,서울특별시,중구제1선거구,5110201,1102,중구,황학동,선거일투표,9564,3304,1501,1741,3242,62,6260
1100,서울특별시,중구제1선거구,5110201,1102,중구,중림동,계,9834,5388,2353,2983,5336,52,4446
1100,서울특별시,중구제1선거구,5110201,1102,중구,중림동,관내사전투표,1772,1771,849,903,1752,19,1
1100,서울특별시,중구제1선거구,5110201,1102,중구,중림동,선거일투표,8062,3617,1504,2080,3584,33,4445
1100,서울특별시,중구제1선거구,5110201,1102,중구,잘못 투입·구분된 투표지,,0,14,5,8,13,1,-14
1100,서울특별시,중구제2선거구,5110202,1102,중구,합계,,52490,29211,13629,14951,28580,631,23279
1100,서울특별시,중구제2선거구,5110202,1102,중구,거소투표,,116,110,35,65,100,10,6
1100,서울특별시,중구제2선거구,5110202,1102,중구,관외사전투표,,3821,3816,1957,1746,3703,113,5
1100,서울특별시,중구제2선거구,5110202,1102,중구,회현동,계,4266,2004,750,1204,1954,50,2262
1100,서울특별시,중구제2선거구,5110202,1102,중구,회현동,관내사전투표,711,711,279,421,700,11,0
1100,서울특별시,중구제2선거구,5110202,1102,중구,회현동,선거일투표,3555,1293,471,783,1254,39,2262
1100,서울특별시,중구제2선거구,5110202,1102,중구,필동,계,3612,1845,852,955,1807,38,1767
1100,서울특별시,중구제2선거구,5110202,1102,중구,필동,관내사전투표,791,788,406,363,769,19,3
1100,서울특별시,중구제2선거구,5110202,1102,중구,필동,선거일투표,2821,1057,446,592,1038,19,1764
1100,서울특별시,중구제2선거구,5110202,1102,중구,장충동,계,4025,1867,879,951,1830,37,2158
1100,서울특별시,중구제2선거구,5110202,1102,중구,장충동,관내사전투표,641,641,352,271,623,18,0
1100,서울특별시,중구제2선거구,5110202,1102,중구,장충동,선거일투표,3384,1226,527,680,1207,19,2158
1100,서울특별시,중구제2선거구,5110202,1102,중구,다산동,계,11391,5406,2659,2628,5287,119,5985
1100,서울특별시,중구제2선거구,5110202,1102,중구,다산동,관내사전투표,1772,1772,930,780,1710,62,0
1100,서울특별시,중구제2선거구,5110202,1102,중구,다산동,선거일투표,9619,3634,1729,1848,3577,57,5985
1100,서울특별시,중구제2선거구,5110202,1102,중구,약수동,계,13983,7746,3463,4143,7606,140,6237
1100,서울특별시,중구제2선거구,5110202,1102,중구,약수동,관내사전투표,2248,2247,1069,1128,2197,50,1
1100,서울특별시,중구제2선거구,5110202,1102,중구,약수동,선거일투표,11735,5499,2394,3015,5409,90,6236
1100,서울특별시,중구제2선거구,5110202,1102,중구,청구동,계,11276,6408,3028,3257,6285,123,4868
1100,서울특별시,중구제2선거구,5110202,1102,중구,청구동,관내사전투표,1663,1663,904,710,1614,49,0
1100,서울특별시,중구제2선거구,5110202,1102,중구,청구동,선거일투표,9613,4745,2124,2547,4671,74,4868
1100,서울특별시,중구제2선거구,5110202,1102,중구,잘못 투입·구분된 투표지,,0,9,6,2,8,1,-9
1100,서울특별시,용산구제1선거구,5110301,1103,용산구,합계,,119172,65194,25161,39187,64348,846,53978
1100,서울특별시,용산구제1선거구,5110301,1103,용산구,거소투표,,107,102,37,55,92,10,5
1100,서울특별시,용산구제1선거구,5110301,1103,용산구,관외사전투표,,8399,8371,3829,4388,8217,154,28
1100,서울특별시,용산구제1선거구,5110301,1103,용산구,남영동,계,6345,2375,1052,1291,2343,32,3970
1100,서울특별시,용산구제1선거구,5110301,1103,용산구,남영동,관내사전투표,554,553,257,286,543,10,1
1100,서울특별시,용산구제1선거구,5110301,1103,용산구,남영동,선거일투표,5791,1822,795,1005,1800,22,3969
1100,서울특별시,용산구제1선거구,5110301,1103,용산구,청파동,계,16359,7074,3616,3362,6978,96,9285
1100,서울특별시,용산구제1선거구,5110301,1103,용산구,청파동,관내사전투표,2123,2122,1205,874,2079,43,1
1100,서울특별시,용산구제1선거구,5110301,1103,용산구,청파동,선거일투표,14236,4952,2411,2488,4899,53,9284
1100,서울특별시,용산구제1선거구,5110301,1103,용산구,원효로제1동,계,13195,6571,2763,3731,6494,77,6624
1100,서울특별시,용산구제1선거구,5110301,1103,용산구,원효로제1동,관내사전투표,2290,2289,1098,1166,2264,25,1
1100,서울특별시,용산구제1선거구,5110301,1103,용산구,원효로제1동,선거일투표,10905,4282,1665,2565,4230,52,6623
1100,서울특별시,용산구제1선거구,5110301,1103,용산구,원효로제2동,계,11107,5829,2548,3201,5749,80,5278
1100,서울특별시,용산구제1선거구,5110301,1103,용산구,원효로제2동,관내사전투표,1823,1823,863,930,1793,30,0
1100,서울특별시,용산구제1선거구,5110301,1103,용산구,원효로제2동,선거일투표,9284,4006,1685,2271,3956,50,5278
1100,서울특별시,용산구제1선거구,5110301,1103,용산구,효창동,계,8602,4668,2107,2525,4632,36,3934
1100,서울특별시,용산구제1선거구,5110301,1103,용산구,효창동,관내사전투표,1806,1805,885,908,1793,12,1
1100,서울특별시,용산구제1선거구,5110301,1103,용산구,효창동,선거일투표,6796,2863,1222,1617,2839,24,3933
1100,서울특별시,용산구제1선거구,5110301,1103,용산구,용문동,계,10035,5446,2427,2932,5359,87,4589
1100,서울특별시,용산구제1선거구,5110301,1103,용산구,용문동,관내사전투표,2093,2092,1025,1033,2058,34,1
1100,서울특별시,용산구제1선거구,5110301,1103,용산구,용문동,선거일투표,7942,3354,1402,1899,3301,53,4588
1100,서울특별시,용산구제1선거구,5110301,1103,용산구,한강로동,계,17707,8865,2736,6015,8751,114,8842
1100,서울특별시,용산구제1선거구,5110301,1103,용산구,한강로동,관내사전투표,2078,2077,650,1392,2042,35,1
1100,서울특별시,용산구제1선거구,5110301,1103,용산구,한강로동,선거일투표,15629,6788,2086,4623,6709,79,8841
1100,서울특별시,용산구제1선거구,5110301,1103,용산구,이촌제1동,계,20422,11831,2636,9100,11736,95,8591
1100,서울특별시,용산구제1선거구,5110301,1103,용산구,이촌제1동,관내사전투표,4253,4251,1083,3119,4202,49,2
1100,서울특별시,용산구제1선거구,5110301,1103,용산구,이촌제1동,선거일투표,16169,7580,1553,5981,7534,46,8589
1100,서울특별시,용산구제1선거구,5110301,1103,용산구,이촌제2동,계,6894,4025,1394,2568,3962,63,2869
1100,서울특별시,용산구제1선거구,5110301,1103,용산구,이촌제2동,관내사전투표,1299,1299,501,760,1261,38,0
1100,서울특별시,용산구제1선거구,5110301,1103,용산구,이촌제2동,선거일투표,5595,2726,893,1808,2701,25,2869
1100,서울특별시,용산구제1선거구,5110301,1103,용산구,잘못 투입·구분된 투표지,,0,37,16,19,35,2,-37
1100,서울특별시,용산구제2선거구,5110302,1103,용산구,합계,,79889,39576,16360,22495,38855,721,40313
1100,서울특별시,용산구제2선거구,5110302,1103,용산구,거소투표,,89,83,32,43,75,8,6
1100,서울특별시,용산구제2선거구,5110302,1103,용산구,관외사전투표,,5255,5245,2191,2942,5133,112,10
1100,서울특별시,용산구제2선거구,5110302,1103,용산구,후암동,계,13814,6748,3430,3207,6637,111,7066
1100,서울특별시,용산구제2선거구,5110302,1103,용산구,후암동,관내사전투표,2547,2545,1378,1108,2486,59,2
1100,서울특별시,용산구제2선거구,5110302,1103,용산구,후암동,선거일투표,11267,4203,2052,2099,4151,52,7064
1100,서울특별시,용산구제2선거구,5110302,1103,용산구,용산2가동,계,8328,3902,1960,1843,3803,99,4426
1100,서울특별시,용산구제2선거구,5110302,1103,용산구,용산2가동,관내사전투표,1589,1587,820,718,1538,49,2
1100,서울특별시,용산구제2선거구,5110302,1103,용산구,용산2가동,선거일투표,6739,2315,1140,1125,2265,50,4424
1100,서울특별시,용산구제2선거구,5110302,1103,용산구,이태원제1동,계,5623,2534,954,1517,2471,63,3089
1100,서울특별시,용산구제2선거구,5110302,1103,용산구,이태원제1동,관내사전투표,733,733,329,366,695,38,0
1100,서울특별시,용산구제2선거구,5110302,1103,용산구,이태원제1동,선거일투표,4890,1801,625,1151,1776,25,3089
1100,서울특별시,용산구제2선거구,5110302,1103,용산구,이태원제2동,계,7777,3449,1457,1935,3392,57,4328
1100,서울특별시,용산구제2선거구,5110302,1103,용산구,이태원제2동,관내사전투표,1133,1133,562,549,1111,22,0
1100,서울특별시,용산구제2선거구,5110302,1103,용산구,이태원제2동,선거일투표,6644,2316,895,1386,2281,35,4328
1100,서울특별시,용산구제2선거구,5110302,1103,용산구,한남동,계,16788,6830,2225,4515,6740,90,9958
1100,서울특별시,용산구제2선거구,5110302,1103,용산구,한남동,관내사전투표,1813,1812,706,1079,1785,27,1
1100,서울특별시,용산구제2선거구,5110302,1103,용산구,한남동,선거일투표,14975,5018,1519,3436,4955,63,9957
1100,서울특별시,용산구제2선거구,5110302,1103,용산구,서빙고동,계,10145,5195,1490,3622,5112,83,4950
1100,서울특별시,용산구제2선거구,5110302,1103,용산구,서빙고동,관내사전투표,1208,1208,484,680,1164,44,0
1100,서울특별시,용산구제2선거구,5110302,1103,용산구,서빙고동,선거일투표,8937,3987,1006,2942,3948,39,4950
1100,서울특별시,용산구제2선거구,5110302,1103,용산구,보광동,계,12070,5579,2615,2866,5481,98,6491
1100,서울특별시,용산구제2선거구,5110302,1103,용산구,보광동,관내사전투표,2184,2184,1051,1098,2149,35,0
1100,서울특별시,용산구제2선거구,5110302,1103,용산구,보광동,선거일투표,9886,3395,1564,1768,3332,63,6491
1100,서울특별시,용산구제2선거구,5110302,1103,용산구,잘못 투입·구분된 투표지,,0,11,6,5,11,0,-11
1100,서울특별시,성동구제1선거구,5110401,1104,성동구,합계,,67367,38080,16505,20996,37501,579,29287
1100,서울특별시,성동구제1선거구,5110401,1104,성동구,거소투표,,42,38,12,25,37,1,4
1100,서울특별시,성동구제1선거구,5110401,1104,성동구,관외사전투표,,3832,3831,1778,1973,3751,80,1
1100,서울특별시,성동구제1선거구,5110401,1104,성동구,금호1가동,계,12053,6350,2934,3312,6246,104,5703
1100,서울특별시,성동구제1선거구,5110401,1104,성동구,금호1가동,관내사전투표,1779,1777,918,822,1740,37,2
1100,서울특별시,성동구제1선거구,5110401,1104,성동구,금호1가동,선거일투표,10274,4573,2016,2490,4506,67,5701
1100,서울특별시,성동구제1선거구,5110401,1104,성동구,금호2·3가동,계,18399,9519,4483,4889,9372,147,8880
1100,서울특별시,성동구제1선거구,5110401,1104,성동구,금호2·3가동,관내사전투표,3054,3050,1602,1389,2991,59,4
1100,서울특별시,성동구제1선거구,5110401,1104,성동구,금호2·3가동,선거일투표,15345,6469,2881,3500,6381,88,8876
1100,서울특별시,성동구제1선거구,5110401,1104,성동구,금호4가동,계,12087,6828,3069,3635,6704,124,5259
1100,서울특별시,성동구제1선거구,5110401,1104,성동구,금호4가동,관내사전투표,2617,2617,1364,1174,2538,79,0
1100,서울특별시,성동구제1선거구,5110401,1104,성동구,금호4가동,선거일투표,9470,4211,1705,2461,4166,45,5259
1100,서울특별시,성동구제1선거구,5110401,1104,성동구,옥수동,계,20954,11503,4223,7158,11381,122,9451
1100,서울특별시,성동구제1선거구,5110401,1104,성동구,옥수동,관내사전투표,3076,3075,1244,1786,3030,45,1
1100,서울특별시,성동구제1선거구,5110401,1104,성동구,옥수동,선거일투표,17878,8428,2979,5372,8351,77,9450
1100,서울특별시,성동구제1선거구,5110401,1104,성동구,잘못 투입·구분된 투표지,,0,11,6,4,10,1,-11
1100,서울특별시,성동구제2선거구,5110402,1104,성동구,합계,,69763,40157,19075,20433,39508,649,29606
1100,서울특별시,성동구제2선거구,5110402,1104,성동구,거소투표,,70,65,30,31,61,4,5
1100,서울특별시,성동구제2선거구,5110402,1104,성동구,관외사전투표,,4446,4441,2249,2074,4323,118,5
1100,서울특별시,성동구제2선거구,5110402,1104,성동구,왕십리도선동,계,21626,11193,5022,6016,11038,155,10433
1100,서울특별시,성동구제2선거구,5110402,1104,성동구,왕십리도선동,관내사전투표,3200,3195,1577,1573,3150,45,5
1100,서울특별시,성동구제2선거구,5110402,1104,성동구,왕십리도선동,선거일투표,18426,7998,3445,4443,7888,110,10428
1100,서울특별시,성동구제2선거구,5110402,1104,성동구,왕십리제2동,계,13834,7497,3911,3482,7393,104,6337
1100,서울특별시,성동구제2선거구,5110402,1104,성동구,왕십리제2동,관내사전투표,2647,2642,1561,1041,2602,40,5
1100,서울특별시,성동구제2선거구,5110402,1104,성동구,왕십리제2동,선거일투표,11187,4855,2350,2441,4791,64,6332
1100,서울특별시,성동구제2선거구,5110402,1104,성동구,행당제1동,계,11433,6283,2843,3344,6187,96,5150
1100,서울특별시,성동구제2선거구,5110402,1104,성동구,행당제1동,관내사전투표,2027,2025,1024,956,1980,45,2
1100,서울특별시,성동구제2선거구,5110402,1104,성동구,행당제1동,선거일투표,9406,4258,1819,2388,4207,51,5148
1100,서울특별시,성동구제2선거구,5110402,1104,성동구,행당제2동,계,18354,10662,5015,5477,10492,170,7692
1100,서울특별시,성동구제2선거구,5110402,1104,성동구,행당제2동,관내사전투표,3412,3411,1762,1567,3329,82,1
1100,서울특별시,성동구제2선거구,5110402,1104,성동구,행당제2동,선거일투표,14942,7251,3253,3910,7163,88,7691
1100,서울특별시,성동구제2선거구,5110402,1104,성동구,잘못 투입·구분된 투표지,,0,16,5,9,14,2,-16
1100,서울특별시,성동구제3선거구,5110403,1104,성동구,합계,,51928,26629,12699,12552,868,26119,510,25299
1100,서울특별시,성동구제3선거구,5110403,1104,성동구,거소투표,,58,57,28,24,4,56,1,1
1100,서울특별시,성동구제3선거구,5110403,1104,성동구,관외사전투표,,3430,3429,1751,1474,136,3361,68,1
1100,서울특별시,성동구제3선거구,5110403,1104,성동구,마장동,계,18801,9825,4610,4752,306,9668,157,8976
1100,서울특별시,성동구제3선거구,5110403,1104,성동구,마장동,관내사전투표,2841,2840,1494,1229,66,2789,51,1
1100,서울특별시,성동구제3선거구,5110403,1104,성동구,마장동,선거일투표,15960,6985,3116,3523,240,6879,106,8975
1100,서울특별시,성동구제3선거구,5110403,1104,성동구,사근동,계,10310,4412,1959,2175,168,4302,110,5898
1100,서울특별시,성동구제3선거구,5110403,1104,성동구,사근동,관내사전투표,1397,1397,701,614,42,1357,40,0
1100,서울특별시,성동구제3선거구,5110403,1104,성동구,사근동,선거일투표,8913,3015,1258,1561,126,2945,70,5898
1100,서울특별시,성동구제3선거구,5110403,1104,성동구,송정동,계,9036,4237,2010,2028,115,4153,84,4799
1100,서울특별시,성동구제3선거구,5110403,1104,성동구,송정동,관내사전투표,1491,1491,765,668,28,1461,30,0
1100,서울특별시,성동구제3선거구,5110403,1104,성동구,송정동,선거일투표,7545,2746,1245,1360,87,2692,54,4799
1100,서울특별시,성동구제3선거구,5110403,1104,성동구,용답동,계,10293,4662,2337,2096,139,4572,90,5631
1100,서울특별시,성동구제3선거구,5110403,1104,성동구,용답동,관내사전투표,1838,1834,1032,708,55,1795,39,4
1100,서울특별시,성동구제3선거구,5110403,1104,성동구,용답동,선거일투표,8455,2828,1305,1388,84,2777,51,5627
1100,서울특별시,성동구제3선거구,5110403,1104,성동구,잘못 투입·구분된 투표지,,0,7,4,3,0,7,0,-7
1100,서울특별시,성동구제4선거구,5110404,1104,성동구,합계,,62932,34879,15234,19078,34312,567,28053
1100,서울특별시,성동구제4선거구,5110404,1104,성동구,거소투표,,67,65,29,33,62,3,2
1100,서울특별시,성동구제4선거구,5110404,1104,성동구,관외사전투표,,3434,3432,1532,1782,3314,118,2
1100,서울특별시,성동구제4선거구,5110404,1104,성동구,응봉동,계,11984,6686,2986,3607,6593,93,5298
1100,서울특별시,성동구제4선거구,5110404,1104,성동구,응봉동,관내사전투표,2413,2411,1176,1203,2379,32,2
1100,서울특별시,성동구제4선거구,5110404,1104,성동구,응봉동,선거일투표,9571,4275,1810,2404,4214,61,5296
1100,서울특별시,성동구제4선거구,5110404,1104,성동구,성수1가제1동,계,13170,6495,2678,3741,6419,76,6675
1100,서울특별시,성동구제4선거구,5110404,1104,성동구,성수1가제1동,관내사전투표,1890,1890,927,937,1864,26,0
1100,서울특별시,성동구제4선거구,5110404,1104,성동구,성수1가제1동,선거일투표,11280,4605,1751,2804,4555,50,6675
1100,서울특별시,성동구제4선거구,5110404,1104,성동구,성수1가제2동,계,11131,6475,2901,3484,6385,90,4656
1100,서울특별시,성동구제4선거구,5110404,1104,성동구,성수1가제2동,관내사전투표,2378,2378,1142,1205,2347,31,0
1100,서울특별시,성동구제4선거구,5110404,1104,성동구,성수1가제2동,선거일투표,8753,4097,1759,2279,4038,59,4656
1100,서울특별시,성동구제4선거구,5110404,1104,성동구,성수2가제1동,계,13848,6872,3033,3734,6767,105,6976
1100,서울특별시,성동구제4선거구,5110404,1104,성동구,성수2가제1동,관내사전투표,2902,2902,1398,1452,2850,52,0
1100,서울특별시,성동구제4선거구,5110404,1104,성동구,성수2가제1동,선거일투표,10946,3970,1635,2282,3917,53,6976
1100,서울특별시,성동구제4선거구,5110404,1104,성동구,성수2가제3동,계,9298,4846,2071,2693,4764,82,4452
1100,서울특별시,성동구제4선거구,5110404,1104,성동구,성수2가제3동,관내사전투표,1829,1828,889,900,1789,39,1
1100,서울특별시,성동구제4선거구,5110404,1104,성동구,성수2가제3동,선거일투표,7469,3018,1182,1793,2975,43,4451
1100,서울특별시,성동구제4선거구,5110404,1104,성동구,잘못 투입·구분된 투표지,,0,8,4,4,8,0,-8
1100,서울특별시,광진구제1선거구,5110501,1105,광진구,합계,,74173,36601,17858,17525,35383,1218,37572
1100,서울특별시,광진구제1선거구,5110501,1105,광진구,거소투표,,74,70,32,30,62,8,4
1100,서울특별시,광진구제1선거구,5110501,1105,광진구,관외사전투표,,3732,3726,1983,1621,3604,122,6
1100,서울특별시,광진구제1선거구,5110501,1105,광진구,중곡제1동,계,13402,5976,3006,2812,5818,158,7426
1100,서울특별시,광진구제1선거구,5110501,1105,광진구,중곡제1동,관내사전투표,2166,2165,1167,922,2089,76,1
1100,서울특별시,광진구제1선거구,5110501,1105,광진구,중곡제1동,선거일투표,11236,3811,1839,1890,3729,82,7425
1100,서울특별시,광진구제1선거구,5110501,1105,광진구,중곡제2동,계,18232,8160,4019,3856,7875,285,10072
1100,서울특별시,광진구제1선거구,5110501,1105,광진구,중곡제2동,관내사전투표,2932,2932,1563,1292,2855,77,0
1100,서울특별시,광진구제1선거구,5110501,1105,광진구,중곡제2동,선거일투표,15300,5228,2456,2564,5020,208,10072
1100,서울특별시,광진구제1선거구,5110501,1105,광진구,중곡제3동,계,14051,6434,2972,3166,6138,296,7617
1100,서울특별시,광진구제1선거구,5110501,1105,광진구,중곡제3동,관내사전투표,2200,2199,1096,1026,2122,77,1
1100,서울특별시,광진구제1선거구,5110501,1105,광진구,중곡제3동,선거일투표,11851,4235,1876,2140,4016,219,7616
1100,서울특별시,광진구제1선거구,5110501,1105,광진구,중곡제4동,계,24682,12219,5839,6033,11872,347,12463
1100,서울특별시,광진구제1선거구,5110501,1105,광진구,중곡제4동,관내사전투표,4282,4280,2224,1986,4210,70,2
1100,서울특별시,광진구제1선거구,5110501,1105,광진구,중곡제4동,선거일투표,20400,7939,3615,4047,7662,277,12461
1100,서울특별시,광진구제1선거구,5110501,1105,광진구,잘못 투입·구분된 투표지,,0,16,7,7,14,2,-16
1100,서울특별시,광진구제2선거구,5110502,1105,광진구,합계,,78739,41996,18077,21549,1258,40884,1112,36743
1100,서울특별시,광진구제2선거구,5110502,1105,광진구,거소투표,,86,83,26,48,3,77,6,3
1100,서울특별시,광진구제2선거구,5110502,1105,광진구,관외사전투표,,4880,4869,2371,2230,143,4744,125,11
1100,서울특별시,광진구제2선거구,5110502,1105,광진구,능동,계,9956,4853,2327,2195,170,4692,161,5103
1100,서울특별시,광진구제2선거구,5110502,1105,광진구,능동,관내사전투표,1703,1703,910,690,50,1650,53,0
1100,서울특별시,광진구제2선거구,5110502,1105,광진구,능동,선거일투표,8253,3150,1417,1505,120,3042,108,5103
1100,서울특별시,광진구제2선거구,5110502,1105,광진구,구의제2동,계,21542,10597,4860,5036,366,10262,335,10945
1100,서울특별시,광진구제2선거구,5110502,1105,광진구,구의제2동,관내사전투표,2883,2881,1498,1175,93,2766,115,2
1100,서울특별시,광진구제2선거구,5110502,1105,광진구,구의제2동,선거일투표,18659,7716,3362,3861,273,7496,220,10943
1100,서울특별시,광진구제2선거구,5110502,1105,광진구,광장동,계,25293,14054,5130,8385,317,13832,222,11239
1100,서울특별시,광진구제2선거구,5110502,1105,광진구,광장동,관내사전투표,3580,3576,1492,1941,74,3507,69,4
1100,서울특별시,광진구제2선거구,5110502,1105,광진구,광장동,선거일투표,21713,10478,3638,6444,243,10325,153,11235
1100,서울특별시,광진구제2선거구,5110502,1105,광진구,군자동,계,16982,7515,3350,3647,259,7256,259,9467
1100,서울특별시,광진구제2선거구,5110502,1105,광진구,군자동,관내사전투표,2376,2373,1192,1033,73,2298,75,3
1100,서울특별시,광진구제2선거구,5110502,1105,광진구,군자동,선거일투표,14606,5142,2158,2614,186,4958,184,9464
1100,서울특별시,광진구제2선거구,5110502,1105,광진구,잘못 투입·구분된 투표지,,0,25,13,8,0,21,4,-25
1100,서울특별시,광진구제3선거구,5110503,1105,광진구,합계,,88363,46708,21182,24574,45756,952,41655
1100,서울특별시,광진구제3선거구,5110503,1105,광진구,거소투표,,79,78,22,46,68,10,1
1100,서울특별시,광진구제3선거구,5110503,1105,광진구,관외사전투표,,5091,5089,2459,2503,4962,127,2
1100,서울특별시,광진구제3선거구,5110503,1105,광진구,구의제1동,계,20343,9640,4663,4768,9431,209,10703
1100,서울특별시,광진구제3선거구,5110503,1105,광진구,구의제1동,관내사전투표,3746,3745,1928,1722,3650,95,1
1100,서울특별시,광진구제3선거구,5110503,1105,광진구,구의제1동,선거일투표,16597,5895,2735,3046,5781,114,10702
1100,서울특별시,광진구제3선거구,5110503,1105,광진구,구의제3동,계,23468,12860,5175,7439,12614,246,10608
1100,서울특별시,광진구제3선거구,5110503,1105,광진구,구의제3동,관내사전투표,4063,4061,1882,2079,3961,100,2
1100,서울특별시,광진구제3선거구,5110503,1105,광진구,구의제3동,선거일투표,19405,8799,3293,5360,8653,146,10606
1100,서울특별시,광진구제3선거구,5110503,1105,광진구,자양제1동,계,19691,9283,4529,4546,9075,208,10408
1100,서울특별시,광진구제3선거구,5110503,1105,광진구,자양제1동,관내사전투표,3873,3870,2045,1740,3785,85,3
1100,서울특별시,광진구제3선거구,5110503,1105,광진구,자양제1동,선거일투표,15818,5413,2484,2806,5290,123,10405
1100,서울특별시,광진구제3선거구,5110503,1105,광진구,자양제2동,계,19691,9740,4327,5261,9588,152,9951
1100,서울특별시,광진구제3선거구,5110503,1105,광진구,자양제2동,관내사전투표,2794,2790,1375,1356,2731,59,4
1100,서울특별시,광진구제3선거구,5110503,1105,광진구,자양제2동,선거일투표,16897,6950,2952,3905,6857,93,9947
1100,서울특별시,광진구제3선거구,5110503,1105,광진구,잘못 투입·구분된 투표지,,0,18,7,11,18,0,-18
1100,서울특별시,광진구제4선거구,5110504,1105,광진구,합계,,64187,31679,13648,16977,30625,1054,32508
1100,서울특별시,광진구제4선거구,5110504,1105,광진구,거소투표,,64,60,27,30,57,3,4
1100,서울특별시,광진구제4선거구,5110504,1105,광진구,관외사전투표,,3346,3343,1640,1610,3250,93,3
1100,서울특별시,광진구제4선거구,5110504,1105,광진구,자양제3동,계,22424,12774,4945,7483,12428,346,9650
1100,서울특별시,광진구제4선거구,5110504,1105,광진구,자양제3동,관내사전투표,4387,4386,1928,2313,4241,145,1
1100,서울특별시,광진구제4선거구,5110504,1105,광진구,자양제3동,선거일투표,18037,8388,3017,5170,8187,201,9649
1100,서울특별시,광진구제4선거구,5110504,1105,광진구,자양제4동,계,16578,7731,3297,4086,7383,348,8847
1100,서울특별시,광진구제4선거구,5110504,1105,광진구,자양제4동,관내사전투표,2810,2810,1317,1398,2715,95,0
1100,서울특별시,광진구제4선거구,5110504,1105,광진구,자양제4동,선거일투표,13768,4921,1980,2688,4668,253,8847
1100,서울특별시,광진구제4선거구,5110504,1105,광진구,화양동,계,21775,7691,3708,3724,7432,259,14084
1100,서울특별시,광진구제4선거구,5110504,1105,광진구,화양동,관내사전투표,2499,2495,1328,1078,2406,89,4
1100,서울특별시,광진구제4선거구,5110504,1105,광진구,화양동,선거일투표,19276,5196,2380,2646,5026,170,14080
1100,서울특별시,광진구제4선거구,5110504,1105,광진구,잘못 투입·구분된 투표지,,0,80,31,44,75,5,-80
1100,서울특별시,동대문구제1선거구,5110601,1106,동대문구,합계,,70436,35789,15694,19381,35075,714,34647
1100,서울특별시,동대문구제1선거구,5110601,1106,동대문구,거소투표,,85,79,25,45,70,9,6
1100,서울특별시,동대문구제1선거구,5110601,1106,동대문구,관외사전투표,,4848,4845,2434,2295,4729,116,3
1100,서울특별시,동대문구제1선거구,5110601,1106,동대문구,용신동,계,27914,12164,5577,6354,11931,233,15750
1100,서울특별시,동대문구제1선거구,5110601,1106,동대문구,용신동,관내사전투표,3731,3727,1836,1802,3638,89,4
1100,서울특별시,동대문구제1선거구,5110601,1106,동대문구,용신동,선거일투표,24183,8437,3741,4552,8293,144,15746
1100,서울특별시,동대문구제1선거구,5110601,1106,동대문구,제기동,계,21200,9996,4205,5591,9796,200,11204
1100,서울특별시,동대문구제1선거구,5110601,1106,동대문구,제기동,관내사전투표,3336,3331,1529,1721,3250,81,5
1100,서울특별시,동대문구제1선거구,5110601,1106,동대문구,제기동,선거일투표,17864,6665,2676,3870,6546,119,11199
1100,서울특별시,동대문구제1선거구,5110601,1106,동대문구,청량리동,계,16389,8692,3448,5088,8536,156,7697
1100,서울특별시,동대문구제1선거구,5110601,1106,동대문구,청량리동,관내사전투표,2340,2340,1082,1198,2280,60,0
1100,서울특별시,동대문구제1선거구,5110601,1106,동대문구,청량리동,선거일투표,14049,6352,2366,3890,6256,96,7697
1100,서울특별시,동대문구제1선거구,5110601,1106,동대문구,잘못 투입·구분된 투표지,,0,13,5,8,13,0,-13
1100,서울특별시,동대문구제2선거구,5110602,1106,동대문구,합계,,78325,41039,19754,20580,40334,705,37286
1100,서울특별시,동대문구제2선거구,5110602,1106,동대문구,거소투표,,79,77,37,34,71,6,2
1100,서울특별시,동대문구제2선거구,5110602,1106,동대문구,관외사전투표,,5506,5505,2946,2427,5373,132,1
1100,서울특별시,동대문구제2선거구,5110602,1106,동대문구,회기동,계,9787,4779,2325,2398,4723,56,5008
1100,서울특별시,동대문구제2선거구,5110602,1106,동대문구,회기동,관내사전투표,2160,2159,1147,990,2137,22,1
1100,서울특별시,동대문구제2선거구,5110602,1106,동대문구,회기동,선거일투표,7627,2620,1178,1408,2586,34,5007
1100,서울특별시,동대문구제2선거구,5110602,1106,동대문구,휘경제1동,계,11683,5290,2542,2692,5234,56,6393
1100,서울특별시,동대문구제2선거구,5110602,1106,동대문구,휘경제1동,관내사전투표,1842,1840,943,882,1825,15,2
1100,서울특별시,동대문구제2선거구,5110602,1106,동대문구,휘경제1동,선거일투표,9841,3450,1599,1810,3409,41,6391
1100,서울특별시,동대문구제2선거구,5110602,1106,동대문구,휘경제2동,계,19483,9348,4373,4818,9191,157,10135
1100,서울특별시,동대문구제2선거구,5110602,1106,동대문구,휘경제2동,관내사전투표,1885,1884,961,879,1840,44,1
1100,서울특별시,동대문구제2선거구,5110602,1106,동대문구,휘경제2동,선거일투표,17598,7464,3412,3939,7351,113,10134
1100,서울특별시,동대문구제2선거구,5110602,1106,동대문구,이문제1동,계,15612,7492,3408,3937,7345,147,8120
1100,서울특별시,동대문구제2선거구,5110602,1106,동대문구,이문제1동,관내사전투표,2070,2069,1065,953,2018,51,1
1100,서울특별시,동대문구제2선거구,5110602,1106,동대문구,이문제1동,선거일투표,13542,5423,2343,2984,5327,96,8119
1100,서울특별시,동대문구제2선거구,5110602,1106,동대문구,이문제2동,계,16175,8531,4116,4265,8381,150,7644
1100,서울특별시,동대문구제2선거구,5110602,1106,동대문구,이문제2동,관내사전투표,2616,2608,1353,1182,2535,73,8
1100,서울특별시,동대문구제2선거구,5110602,1106,동대문구,이문제2동,선거일투표,13559,5923,2763,3083,5846,77,7636
1100,서울특별시,동대문구제2선거구,5110602,1106,동대문구,잘못 투입·구분된 투표지,,0,17,7,9,16,1,-17
1100,서울특별시,동대문구제3선거구,5110603,1106,동대문구,합계,,66862,35548,14988,18075,1793,34856,692,31314
1100,서울특별시,동대문구제3선거구,5110603,1106,동대문구,거소투표,,76,73,23,40,2,65,8,3
1100,서울특별시,동대문구제3선거구,5110603,1106,동대문구,관외사전투표,,4051,4045,1897,1866,183,3946,99,6
1100,서울특별시,동대문구제3선거구,5110603,1106,동대문구,전농제1동,계,24017,11510,4608,5951,670,11229,281,12507
1100,서울특별시,동대문구제3선거구,5110603,1106,동대문구,전농제1동,관내사전투표,3071,3070,1380,1415,155,2950,120,1
1100,서울특별시,동대문구제3선거구,5110603,1106,동대문구,전농제1동,선거일투표,20946,8440,3228,4536,515,8279,161,12506
1100,서울특별시,동대문구제3선거구,5110603,1106,동대문구,전농제2동,계,15399,8260,3451,4277,404,8132,128,7139
1100,서울특별시,동대문구제3선거구,5110603,1106,동대문구,전농제2동,관내사전투표,2996,2995,1344,1445,148,2937,58,1
1100,서울특별시,동대문구제3선거구,5110603,1106,동대문구,전농제2동,선거일투표,12403,5265,2107,2832,256,5195,70,7138
1100,서울특별시,동대문구제3선거구,5110603,1106,동대문구,답십리제1동,계,23319,11646,5002,5936,534,11472,174,11673
1100,서울특별시,동대문구제3선거구,5110603,1106,동대문구,답십리제1동,관내사전투표,3154,3151,1485,1488,120,3093,58,3
1100,서울특별시,동대문구제3선거구,5110603,1106,동대문구,답십리제1동,선거일투표,20165,8495,3517,4448,414,8379,116,11670
1100,서울특별시,동대문구제3선거구,5110603,1106,동대문구,잘못 투입·구분된 투표지,,0,14,7,5,0,12,2,-14
1100,서울특별시,동대문구제4선거구,5110604,1106,동대문구,합계,,86401,44562,20955,22670,43625,937,41839
1100,서울특별시,동대문구제4선거구,5110604,1106,동대문구,거소투표,,103,100,39,39,78,22,3
1100,서울특별시,동대문구제4선거구,5110604,1106,동대문구,관외사전투표,,4485,4483,2364,2005,4369,114,2
1100,서울특별시,동대문구제4선거구,5110604,1106,동대문구,답십리제2동,계,23206,11839,5322,6241,11563,276,11367
1100,서울특별시,동대문구제4선거구,5110604,1106,동대문구,답십리제2동,관내사전투표,3173,3162,1508,1602,3110,52,11
1100,서울특별시,동대문구제4선거구,5110604,1106,동대문구,답십리제2동,선거일투표,20033,8677,3814,4639,8453,224,11356
1100,서울특별시,동대문구제4선거구,5110604,1106,동대문구,장안제1동,계,32466,15557,7430,7825,15255,302,16909
1100,서울특별시,동대문구제4선거구,5110604,1106,동대문구,장안제1동,관내사전투표,4695,4690,2414,2192,4606,84,5
1100,서울특별시,동대문구제4선거구,5110604,1106,동대문구,장안제1동,선거일투표,27771,10867,5016,5633,10649,218,16904
1100,서울특별시,동대문구제4선거구,5110604,1106,동대문구,장안제2동,계,26141,12557,5788,6549,12337,220,13584
1100,서울특별시,동대문구제4선거구,5110604,1106,동대문구,장안제2동,관내사전투표,3619,3617,1778,1753,3531,86,2
1100,서울특별시,동대문구제4선거구,5110604,1106,동대문구,장안제2동,선거일투표,22522,8940,4010,4796,8806,134,13582
1100,서울특별시,동대문구제4선거구,5110604,1106,동대문구,잘못 투입·구분된 투표지,,0,26,12,11,23,3,-26
1100,서울특별시,중랑구제1선거구,5110701,1107,중랑구,합계,,74147,36628,18404,17341,35745,883,37519
1100,서울특별시,중랑구제1선거구,5110701,1107,중랑구,거소투표,,90,85,31,43,74,11,5
1100,서울특별시,중랑구제1선거구,5110701,1107,중랑구,관외사전투표,,4398,4396,2458,1829,4287,109,2
1100,서울특별시,중랑구제1선거구,5110701,1107,중랑구,면목제3·8동,계,20644,8954,4467,4258,8725,229,11690
1100,서울특별시,중랑구제1선거구,5110701,1107,중랑구,면목제3·8동,관내사전투표,2598,2596,1350,1156,2506,90,2
1100,서울특별시,중랑구제1선거구,5110701,1107,중랑구,면목제3·8동,선거일투표,18046,6358,3117,3102,6219,139,11688
1100,서울특별시,중랑구제1선거구,5110701,1107,중랑구,면목제4동,계,15973,7522,3747,3612,7359,163,8451
1100,서울특별시,중랑구제1선거구,5110701,1107,중랑구,면목제4동,관내사전투표,2787,2785,1480,1238,2718,67,2
1100,서울특별시,중랑구제1선거구,5110701,1107,중랑구,면목제4동,선거일투표,13186,4737,2267,2374,4641,96,8449
1100,서울특별시,중랑구제1선거구,5110701,1107,중랑구,면목제7동,계,18585,8986,4504,4318,8822,164,9599
1100,서울특별시,중랑구제1선거구,5110701,1107,중랑구,면목제7동,관내사전투표,3898,3894,2084,1722,3806,88,4
1100,서울특별시,중랑구제1선거구,5110701,1107,중랑구,면목제7동,선거일투표,14687,5092,2420,2596,5016,76,9595
1100,서울특별시,중랑구제1선거구,5110701,1107,중랑구,망우제3동,계,14457,6666,3189,3273,6462,204,7791
1100,서울특별시,중랑구제1선거구,5110701,1107,중랑구,망우제3동,관내사전투표,2783,2776,1444,1226,2670,106,7
1100,서울특별시,중랑구제1선거구,5110701,1107,중랑구,망우제3동,선거일투표,11674,3890,1745,2047,3792,98,7784
1100,서울특별시,중랑구제1선거구,5110701,1107,중랑구,잘못 투입·구분된 투표지,,0,19,8,8,16,3,-19
1100,서울특별시,중랑구제2선거구,5110702,1107,중랑구,합계,,84551,39443,19505,17972,386,37863,1580,45108
1100,서울특별시,중랑구제2선거구,5110702,1107,중랑구,거소투표,,82,77,33,35,2,70,7,5
1100,서울특별시,중랑구제2선거구,5110702,1107,중랑구,관외사전투표,,4811,4809,2676,1947,59,4682,127,2
1100,서울특별시,중랑구제2선거구,5110702,1107,중랑구,면목본동,계,29285,12546,6004,5730,125,11859,687,16739
1100,서울특별시,중랑구제2선거구,5110702,1107,중랑구,면목본동,관내사전투표,4896,4892,2479,2140,42,4661,231,4
1100,서울특별시,중랑구제2선거구,5110702,1107,중랑구,면목본동,선거일투표,24389,7654,3525,3590,83,7198,456,16735
1100,서울특별시,중랑구제2선거구,5110702,1107,중랑구,면목제2동,계,20255,8810,4187,4065,76,8328,482,11445
1100,서울특별시,중랑구제2선거구,5110702,1107,중랑구,면목제2동,관내사전투표,3274,3274,1690,1449,22,3161,113,0
1100,서울특별시,중랑구제2선거구,5110702,1107,중랑구,면목제2동,선거일투표,16981,5536,2497,2616,54,5167,369,11445
1100,서울특별시,중랑구제2선거구,5110702,1107,중랑구,면목제5동,계,12269,5934,2979,2782,47,5808,126,6335
1100,서울특별시,중랑구제2선거구,5110702,1107,중랑구,면목제5동,관내사전투표,2251,2248,1224,941,17,2182,66,3
1100,서울특별시,중랑구제2선거구,5110702,1107,중랑구,면목제5동,선거일투표,10018,3686,1755,1841,30,3626,60,6332
1100,서울특별시,중랑구제2선거구,5110702,1107,중랑구,상봉제2동,계,17849,7251,3616,3408,77,7101,150,10598
1100,서울특별시,중랑구제2선거구,5110702,1107,중랑구,상봉제2동,관내사전투표,2861,2855,1555,1224,26,2805,50,6
1100,서울특별시,중랑구제2선거구,5110702,1107,중랑구,상봉제2동,선거일투표,14988,4396,2061,2184,51,4296,100,10592
1100,서울특별시,중랑구제2선거구,5110702,1107,중랑구,잘못 투입·구분된 투표지,,0,16,10,5,0,15,1,-16
1100,서울특별시,중랑구제3선거구,5110703,1107,중랑구,합계,,87434,44846,22575,20995,43570,1276,42588
1100,서울특별시,중랑구제3선거구,5110703,1107,중랑구,거소투표,,94,89,47,36,83,6,5
1100,서울특별시,중랑구제3선거구,5110703,1107,중랑구,관외사전투표,,5558,5554,3175,2247,5422,132,4
1100,서울특별시,중랑구제3선거구,5110703,1107,중랑구,중화제1동,계,16895,8615,4250,4087,8337,278,8280
1100,서울특별시,중랑구제3선거구,5110703,1107,중랑구,중화제1동,관내사전투표,3660,3657,1920,1657,3577,80,3
1100,서울특별시,중랑구제3선거구,5110703,1107,중랑구,중화제1동,선거일투표,13235,4958,2330,2430,4760,198,8277
1100,서울특별시,중랑구제3선거구,5110703,1107,중랑구,중화제2동,계,20954,8825,4415,4161,8576,249,12129
1100,서울특별시,중랑구제3선거구,5110703,1107,중랑구,중화제2동,관내사전투표,2463,2463,1298,1084,2382,81,0
1100,서울특별시,중랑구제3선거구,5110703,1107,중랑구,중화제2동,선거일투표,18491,6362,3117,3077,6194,168,12129
1100,서울특별시,중랑구제3선거구,5110703,1107,중랑구,묵제1동,계,27577,13828,6755,6712,13467,361,13749
1100,서울특별시,중랑구제3선거구,5110703,1107,중랑구,묵제1동,관내사전투표,4526,4522,2365,2049,4414,108,4
1100,서울특별시,중랑구제3선거구,5110703,1107,중랑구,묵제1동,선거일투표,23051,9306,4390,4663,9053,253,13745
1100,서울특별시,중랑구제3선거구,5110703,1107,중랑구,묵제2동,계,16356,7920,3922,3748,7670,250,8436
1100,서울특별시,중랑구제3선거구,5110703,1107,중랑구,묵제2동,관내사전투표,2759,2758,1483,1185,2668,90,1
1100,서울특별시,중랑구제3선거구,5110703,1107,중랑구,묵제2동,선거일투표,13597,5162,2439,2563,5002,160,8435
1100,서울특별시,중랑구제3선거구,5110703,1107,중랑구,잘못 투입·구분된 투표지,,0,15,11,4,15,0,-15
1100,서울특별시,중랑구제4선거구,5110704,1107,중랑구,합계,,102630,56758,27556,27694,55250,1508,45872
1100,서울특별시,중랑구제4선거구,5110704,1107,중랑구,거소투표,,202,191,91,79,170,21,11
1100,서울특별시,중랑구제4선거구,5110704,1107,중랑구,관외사전투표,,7453,7449,4122,3151,7273,176,4
1100,서울특별시,중랑구제4선거구,5110704,1107,중랑구,상봉제1동,계,18136,8746,4172,4236,8408,338,9390
1100,서울특별시,중랑구제4선거구,5110704,1107,중랑구,상봉제1동,관내사전투표,2199,2197,1094,1039,2133,64,2
1100,서울특별시,중랑구제4선거구,5110704,1107,중랑구,상봉제1동,선거일투표,15937,6549,3078,3197,6275,274,9388
1100,서울특별시,중랑구제4선거구,5110704,1107,중랑구,망우본동,계,29743,14143,6419,7407,13826,317,15600
1100,서울특별시,중랑구제4선거구,5110704,1107,중랑구,망우본동,관내사전투표,4418,4414,2106,2206,4312,102,4
1100,서울특별시,중랑구제4선거구,5110704,1107,중랑구,망우본동,선거일투표,25325,9729,4313,5201,9514,215,15596
1100,서울특별시,중랑구제4선거구,5110704,1107,중랑구,신내제1동,계,29132,15470,7516,7683,15199,271,13662
1100,서울특별시,중랑구제4선거구,5110704,1107,중랑구,신내제1동,관내사전투표,3571,3565,1838,1651,3489,76,6
1100,서울특별시,중랑구제4선거구,5110704,1107,중랑구,신내제1동,선거일투표,25561,11905,5678,6032,11710,195,13656
1100,서울특별시,중랑구제4선거구,5110704,1107,중랑구,신내제2동,계,17964,10735,5226,5125,10351,384,7229
1100,서울특별시,중랑구제4선거구,5110704,1107,중랑구,신내제2동,관내사전투표,4004,4001,2113,1793,3906,95,3
1100,서울특별시,중랑구제4선거구,5110704,1107,중랑구,신내제2동,선거일투표,13960,6734,3113,3332,6445,289,7226
1100,서울특별시,중랑구제4선거구,5110704,1107,중랑구,잘못 투입·구분된 투표지,,0,24,10,13,23,1,-24
1100,서울특별시,성북구제1선거구,5110801,1108,성북구,합계,,98171,50677,25437,24048,49485,1192,47494
1100,서울특별시,성북구제1선거구,5110801,1108,성북구,거소투표,,119,116,41,53,94,22,3
1100,서울특별시,성북구제1선거구,5110801,1108,성북구,관외사전투표,,5947,5945,3244,2534,5778,167,2
1100,서울특별시,성북구제1선거구,5110801,1108,성북구,성북동,계,14075,7091,3504,3446,6950,141,6984
1100,서울특별시,성북구제1선거구,5110801,1108,성북구,성북동,관내사전투표,2873,2872,1595,1231,2826,46,1
1100,서울특별시,성북구제1선거구,5110801,1108,성북구,성북동,선거일투표,11202,4219,1909,2215,4124,95,6983
1100,서울특별시,성북구제1선거구,5110801,1108,성북구,삼선동,계,20463,10335,5457,4701,10158,177,10128
1100,서울특별시,성북구제1선거구,5110801,1108,성북구,삼선동,관내사전투표,4235,4233,2447,1716,4163,70,2
1100,서울특별시,성북구제1선거구,5110801,1108,성북구,삼선동,선거일투표,16228,6102,3010,2985,5995,107,10126
1100,서울특별시,성북구제1선거구,5110801,1108,성북구,동선동,계,13092,5665,3072,2448,5520,145,7427
1100,서울특별시,성북구제1선거구,5110801,1108,성북구,동선동,관내사전투표,1748,1745,1044,675,1719,26,3
1100,서울특별시,성북구제1선거구,5110801,1108,성북구,동선동,선거일투표,11344,3920,2028,1773,3801,119,7424
1100,서울특별시,성북구제1선거구,5110801,1108,성북구,돈암제2동,계,17970,9573,4363,5007,9370,203,8397
1100,서울특별시,성북구제1선거구,5110801,1108,성북구,돈암제2동,관내사전투표,2478,2478,1215,1231,2446,32,0
1100,서울특별시,성북구제1선거구,5110801,1108,성북구,돈암제2동,선거일투표,15492,7095,3148,3776,6924,171,8397
1100,서울특별시,성북구제1선거구,5110801,1108,성북구,안암동,계,13476,5991,2794,3025,5819,172,7485
1100,서울특별시,성북구제1선거구,5110801,1108,성북구,안암동,관내사전투표,1933,1931,1042,863,1905,26,2
1100,서울특별시,성북구제1선거구,5110801,1108,성북구,안암동,선거일투표,11543,4060,1752,2162,3914,146,7483
1100,서울특별시,성북구제1선거구,5110801,1108,성북구,보문동,계,13029,5948,2959,2827,5786,162,7081
1100,서울특별시,성북구제1선거구,5110801,1108,성북구,보문동,관내사전투표,2242,2242,1131,1020,2151,91,0
1100,서울특별시,성북구제1선거구,5110801,1108,성북구,보문동,선거일투표,10787,3706,1828,1807,3635,71,7081
1100,서울특별시,성북구제1선거구,5110801,1108,성북구,잘못 투입·구분된 투표지,,0,13,3,7,10,3,-13
1100,서울특별시,성북구제2선거구,5110802,1108,성북구,합계,,99193,54386,26415,26932,53347,1039,44807
1100,서울특별시,성북구제2선거구,5110802,1108,성북구,거소투표,,104,100,34,56,90,10,4
1100,서울특별시,성북구제2선거구,5110802,1108,성북구,관외사전투표,,6767,6760,3650,2935,6585,175,7
1100,서울특별시,성북구제2선거구,5110802,1108,성북구,정릉제1동,계,14509,7846,3757,3960,7717,129,6663
1100,서울특별시,성북구제2선거구,5110802,1108,성북구,정릉제1동,관내사전투표,2880,2880,1447,1355,2802,78,0
1100,서울특별시,성북구제2선거구,5110802,1108,성북구,정릉제1동,선거일투표,11629,4966,2310,2605,4915,51,6663
1100,서울특별시,성북구제2선거구,5110802,1108,성북구,정릉제2동,계,18853,9515,4544,4774,9318,197,9338
1100,서울특별시,성북구제2선거구,5110802,1108,성북구,정릉제2동,관내사전투표,4144,4143,2061,1997,4058,85,1
1100,서울특별시,성북구제2선거구,5110802,1108,성북구,정릉제2동,선거일투표,14709,5372,2483,2777,5260,112,9337
1100,서울특별시,성북구제2선거구,5110802,1108,성북구,정릉제3동,계,12517,5229,2351,2738,5089,140,7288
1100,서울특별시,성북구제2선거구,5110802,1108,성북구,정릉제3동,관내사전투표,1924,1921,889,984,1873,48,3
1100,서울특별시,성북구제2선거구,5110802,1108,성북구,정릉제3동,선거일투표,10593,3308,1462,1754,3216,92,7285
1100,서울특별시,성북구제2선거구,5110802,1108,성북구,정릉제4동,계,20661,10434,5096,5180,10276,158,10227
1100,서울특별시,성북구제2선거구,5110802,1108,성북구,정릉제4동,관내사전투표,3814,3810,2001,1743,3744,66,4
1100,서울특별시,성북구제2선거구,5110802,1108,성북구,정릉제4동,선거일투표,16847,6624,3095,3437,6532,92,10223
1100,서울특별시,성북구제2선거구,5110802,1108,성북구,길음제1동,계,25782,14482,6974,7282,14256,226,11300
1100,서울특별시,성북구제2선거구,5110802,1108,성북구,길음제1동,관내사전투표,4090,4090,2192,1836,4028,62,0
1100,서울특별시,성북구제2선거구,5110802,1108,성북구,길음제1동,선거일투표,21692,10392,4782,5446,10228,164,11300
1100,서울특별시,성북구제2선거구,5110802,1108,성북구,잘못 투입·구분된 투표지,,0,20,9,7,16,4,-20
1100,서울특별시,성북구제3선거구,5110803,1108,성북구,합계,,103592,57268,28388,27520,55908,1360,46324
1100,서울특별시,성북구제3선거구,5110803,1108,성북구,거소투표,,115,107,42,59,101,6,8
1100,서울특별시,성북구제3선거구,5110803,1108,성북구,관외사전투표,,6478,6476,3475,2886,6361,115,2
1100,서울특별시,성북구제3선거구,5110803,1108,성북구,돈암제1동,계,12079,6675,3153,3374,6527,148,5404
1100,서울특별시,성북구제3선거구,5110803,1108,성북구,돈암제1동,관내사전투표,2061,2060,1023,1006,2029,31,1
1100,서울특별시,성북구제3선거구,5110803,1108,성북구,돈암제1동,선거일투표,10018,4615,2130,2368,4498,117,5403
1100,서울특별시,성북구제3선거구,5110803,1108,성북구,길음제2동,계,16249,8550,3797,4522,8319,231,7699
1100,서울특별시,성북구제3선거구,5110803,1108,성북구,길음제2동,관내사전투표,2668,2668,1251,1307,2558,110,0
1100,서울특별시,성북구제3선거구,5110803,1108,성북구,길음제2동,선거일투표,13581,5882,2546,3215,5761,121,7699
1100,서울특별시,성북구제3선거구,5110803,1108,성북구,종암동,계,31351,16358,8041,8022,16063,295,14993
1100,서울특별시,성북구제3선거구,5110803,1108,성북구,종암동,관내사전투표,5174,5172,2744,2280,5024,148,2
1100,서울특별시,성북구제3선거구,5110803,1108,성북구,종암동,선거일투표,26177,11186,5297,5742,11039,147,14991
1100,서울특별시,성북구제3선거구,5110803,1108,성북구,월곡제1동,계,21202,11173,6085,4834,10919,254,10029
1100,서울특별시,성북구제3선거구,5110803,1108,성북구,월곡제1동,관내사전투표,3928,3926,2268,1568,3836,90,2
1100,서울특별시,성북구제3선거구,5110803,1108,성북구,월곡제1동,선거일투표,17274,7247,3817,3266,7083,164,10027
1100,서울특별시,성북구제3선거구,5110803,1108,성북구,월곡제2동,계,16118,7914,3789,3815,7604,310,8204
1100,서울특별시,성북구제3선거구,5110803,1108,성북구,월곡제2동,관내사전투표,2454,2454,1226,1155,2381,73,0
1100,서울특별시,성북구제3선거구,5110803,1108,성북구,월곡제2동,선거일투표,13664,5460,2563,2660,5223,237,8204
1100,서울특별시,성북구제3선거구,5110803,1108,성북구,잘못 투입·구분된 투표지,,0,15,6,8,14,1,-15
1100,서울특별시,성북구제4선거구,5110804,1108,성북구,합계,,78167,39859,17816,21080,38896,963,38308
1100,서울특별시,성북구제4선거구,5110804,1108,성북구,거소투표,,89,86,31,48,79,7,3
1100,서울특별시,성북구제4선거구,5110804,1108,성북구,관외사전투표,,6004,5997,3046,2806,5852,145,7
1100,서울특별시,성북구제4선거구,5110804,1108,성북구,장위제1동,계,19617,8985,4180,4585,8765,220,10632
1100,서울특별시,성북구제4선거구,5110804,1108,성북구,장위제1동,관내사전투표,3018,3016,1479,1429,2908,108,2
1100,서울특별시,성북구제4선거구,5110804,1108,성북구,장위제1동,선거일투표,16599,5969,2701,3156,5857,112,10630
1100,서울특별시,성북구제4선거구,5110804,1108,성북구,장위제2동,계,11478,4998,2059,2721,4780,218,6480
1100,서울특별시,성북구제4선거구,5110804,1108,성북구,장위제2동,관내사전투표,1435,1435,627,734,1361,74,0
1100,서울특별시,성북구제4선거구,5110804,1108,성북구,장위제2동,선거일투표,10043,3563,1432,1987,3419,144,6480
1100,서울특별시,성북구제4선거구,5110804,1108,성북구,장위제3동,계,12059,6213,2590,3498,6088,125,5846
1100,서울특별시,성북구제4선거구,5110804,1108,성북구,장위제3동,관내사전투표,1544,1542,725,802,1527,15,2
1100,서울특별시,성북구제4선거구,5110804,1108,성북구,장위제3동,선거일투표,10515,4671,1865,2696,4561,110,5844
1100,서울특별시,성북구제4선거구,5110804,1108,성북구,석관동,계,28920,13565,5901,7416,13317,248,15355
1100,서울특별시,성북구제4선거구,5110804,1108,성북구,석관동,관내사전투표,3625,3625,1761,1795,3556,69,0
1100,서울특별시,성북구제4선거구,5110804,1108,성북구,석관동,선거일투표,25295,9940,4140,5621,9761,179,15355
1100,서울특별시,성북구제4선거구,5110804,1108,성북구,잘못 투입·구분된 투표지,,0,15,9,6,15,0,-15
1100,서울특별시,강북구제1선거구,5110901,1109,강북구,합계,,72336,34855,17026,17088,34114,741,37481
1100,서울특별시,강북구제1선거구,5110901,1109,강북구,거소투표,,100,92,46,36,82,10,8
1100,서울특별시,강북구제1선거구,5110901,1109,강북구,관외사전투표,,3879,3878,2175,1607,3782,96,1
1100,서울특별시,강북구제1선거구,5110901,1109,강북구,번1동,계,16234,6861,3289,3396,6685,176,9373
1100,서울특별시,강북구제1선거구,5110901,1109,강북구,번1동,관내사전투표,2604,2600,1357,1178,2535,65,4
1100,서울특별시,강북구제1선거구,5110901,1109,강북구,번1동,선거일투표,13630,4261,1932,2218,4150,111,9369
1100,서울특별시,강북구제1선거구,5110901,1109,강북구,번2동,계,13405,6433,3138,3119,6257,176,6972
1100,서울특별시,강북구제1선거구,5110901,1109,강북구,번2동,관내사전투표,2090,2090,1057,960,2017,73,0
1100,서울특별시,강북구제1선거구,5110901,1109,강북구,번2동,선거일투표,11315,4343,2081,2159,4240,103,6972
1100,서울특별시,강북구제1선거구,5110901,1109,강북구,수유2동,계,18128,8843,4073,4634,8707,136,9285
1100,서울특별시,강북구제1선거구,5110901,1109,강북구,수유2동,관내사전투표,3704,3703,1790,1833,3623,80,1
1100,서울특별시,강북구제1선거구,5110901,1109,강북구,수유2동,선거일투표,14424,5140,2283,2801,5084,56,9284
1100,서울특별시,강북구제1선거구,5110901,1109,강북구,수유3동,계,20590,8734,4299,4290,8589,145,11856
1100,서울특별시,강북구제1선거구,5110901,1109,강북구,수유3동,관내사전투표,2800,2799,1507,1236,2743,56,1
1100,서울특별시,강북구제1선거구,5110901,1109,강북구,수유3동,선거일투표,17790,5935,2792,3054,5846,89,11855
1100,서울특별시,강북구제1선거구,5110901,1109,강북구,잘못 투입·구분된 투표지,,0,14,6,6,12,2,-14
1100,서울특별시,강북구제2선거구,5110902,1109,강북구,합계,,64268,31196,15393,15204,30597,599,33072
1100,서울특별시,강북구제2선거구,5110902,1109,강북구,거소투표,,79,75,28,37,65,10,4
1100,서울특별시,강북구제2선거구,5110902,1109,강북구,관외사전투표,,3747,3747,2114,1537,3651,96,0
1100,서울특별시,강북구제2선거구,5110902,1109,강북구,수유1동,계,17858,7723,3836,3749,7585,138,10135
1100,서울특별시,강북구제2선거구,5110902,1109,강북구,수유1동,관내사전투표,2962,2961,1550,1319,2869,92,1
1100,서울특별시,강북구제2선거구,5110902,1109,강북구,수유1동,선거일투표,14896,4762,2286,2430,4716,46,10134
1100,서울특별시,강북구제2선거구,5110902,1109,강북구,우이동,계,17506,8319,3953,4206,8159,160,9187
1100,서울특별시,강북구제2선거구,5110902,1109,강북구,우이동,관내사전투표,2967,2965,1476,1417,2893,72,2
1100,서울특별시,강북구제2선거구,5110902,1109,강북구,우이동,선거일투표,14539,5354,2477,2789,5266,88,9185
1100,서울특별시,강북구제2선거구,5110902,1109,강북구,인수동,계,25078,11327,5460,5672,11132,195,13751
1100,서울특별시,강북구제2선거구,5110902,1109,강북구,인수동,관내사전투표,4443,4440,2241,2109,4350,90,3
1100,서울특별시,강북구제2선거구,5110902,1109,강북구,인수동,선거일투표,20635,6887,3219,3563,6782,105,13748
1100,서울특별시,강북구제2선거구,5110902,1109,강북구,잘못 투입·구분된 투표지,,0,5,2,3,5,0,-5
1100,서울특별시,강북구제3선거구,5110903,1109,강북구,합계,,70303,36086,19062,16095,35157,929,34217
1100,서울특별시,강북구제3선거구,5110903,1109,강북구,거소투표,,85,80,32,24,56,24,5
1100,서울특별시,강북구제3선거구,5110903,1109,강북구,관외사전투표,,4054,4050,2219,1744,3963,87,4
1100,서울특별시,강북구제3선거구,5110903,1109,강북구,삼양동,계,19562,8693,4661,3824,8485,208,10869
1100,서울특별시,강북구제3선거구,5110903,1109,강북구,삼양동,관내사전투표,2729,2728,1585,1081,2666,62,1
1100,서울특별시,강북구제3선거구,5110903,1109,강북구,삼양동,선거일투표,16833,5965,3076,2743,5819,146,10868
1100,서울특별시,강북구제3선거구,5110903,1109,강북구,송천동,계,22634,10317,5294,4708,10002,315,12317
1100,서울특별시,강북구제3선거구,5110903,1109,강북구,송천동,관내사전투표,3397,3393,1848,1460,3308,85,4
1100,서울특별시,강북구제3선거구,5110903,1109,강북구,송천동,선거일투표,19237,6924,3446,3248,6694,230,12313
1100,서울특별시,강북구제3선거구,5110903,1109,강북구,삼각산동,계,23968,12937,6849,5793,12642,295,11031
1100,서울특별시,강북구제3선거구,5110903,1109,강북구,삼각산동,관내사전투표,3727,3727,2106,1550,3656,71,0
1100,서울특별시,강북구제3선거구,5110903,1109,강북구,삼각산동,선거일투표,20241,9210,4743,4243,8986,224,11031
1100,서울특별시,강북구제3선거구,5110903,1109,강북구,잘못 투입·구분된 투표지,,0,9,7,2,9,0,-9
1100,서울특별시,강북구제4선거구,5110904,1109,강북구,합계,,61223,31226,15898,14294,397,30589,637,29997
1100,서울특별시,강북구제4선거구,5110904,1109,강북구,거소투표,,74,69,24,37,1,62,7,5
1100,서울특별시,강북구제4선거구,5110904,1109,강북구,관외사전투표,,3952,3951,2246,1546,69,3861,90,1
1100,서울특별시,강북구제4선거구,5110904,1109,강북구,미아동,계,19167,8918,4584,4075,124,8783,135,10249
1100,서울특별시,강북구제4선거구,5110904,1109,강북구,미아동,관내사전투표,3277,3276,1847,1342,37,3226,50,1
1100,서울특별시,강북구제4선거구,5110904,1109,강북구,미아동,선거일투표,15890,5642,2737,2733,87,5557,85,10248
1100,서울특별시,강북구제4선거구,5110904,1109,강북구,송중동,계,24050,11007,5542,5135,115,10792,215,13043
1100,서울특별시,강북구제4선거구,5110904,1109,강북구,송중동,관내사전투표,3446,3445,1868,1442,34,3344,101,1
1100,서울특별시,강북구제4선거구,5110904,1109,강북구,송중동,선거일투표,20604,7562,3674,3693,81,7448,114,13042
1100,서울특별시,강북구제4선거구,5110904,1109,강북구,번3동,계,13980,7274,3499,3499,88,7086,188,6706
1100,서울특별시,강북구제4선거구,5110904,1109,강북구,번3동,관내사전투표,2796,2793,1372,1292,31,2695,98,3
1100,서울특별시,강북구제4선거구,5110904,1109,강북구,번3동,선거일투표,11184,4481,2127,2207,57,4391,90,6703
1100,서울특별시,강북구제4선거구,5110904,1109,강북구,잘못 투입·구분된 투표지,,0,7,3,2,0,5,2,-7
1100,서울특별시,도봉구제1선거구,5111001,1110,도봉구,합계,,66144,37661,18142,18759,36901,760,28483
1100,서울특별시,도봉구제1선거구,5111001,1110,도봉구,거소투표,,82,77,32,38,70,7,5
1100,서울특별시,도봉구제1선거구,5111001,1110,도봉구,관외사전투표,,4061,4057,2177,1768,3945,112,4
1100,서울특별시,도봉구제1선거구,5111001,1110,도봉구,창1동,계,20074,10181,4874,5054,9928,253,9893
1100,서울특별시,도봉구제1선거구,5111001,1110,도봉구,창1동,관내사전투표,3353,3350,1686,1600,3286,64,3
1100,서울특별시,도봉구제1선거구,5111001,1110,도봉구,창1동,선거일투표,16721,6831,3188,3454,6642,189,9890
1100,서울특별시,도봉구제1선거구,5111001,1110,도봉구,창4동,계,21544,12401,6016,6147,12163,238,9143
1100,서울특별시,도봉구제1선거구,5111001,1110,도봉구,창4동,관내사전투표,3842,3842,2029,1766,3795,47,0
1100,서울특별시,도봉구제1선거구,5111001,1110,도봉구,창4동,선거일투표,17702,8559,3987,4381,8368,191,9143
1100,서울특별시,도봉구제1선거구,5111001,1110,도봉구,창5동,계,20383,10931,5036,5746,10782,149,9452
1100,서울특별시,도봉구제1선거구,5111001,1110,도봉구,창5동,관내사전투표,3605,3599,1747,1807,3554,45,6
1100,서울특별시,도봉구제1선거구,5111001,1110,도봉구,창5동,선거일투표,16778,7332,3289,3939,7228,104,9446
1100,서울특별시,도봉구제1선거구,5111001,1110,도봉구,잘못 투입·구분된 투표지,,0,14,7,6,13,1,-14
1100,서울특별시,도봉구제2선거구,5111002,1110,도봉구,합계,,72524,35874,16579,18323,34902,972,36650
1100,서울특별시,도봉구제2선거구,5111002,1110,도봉구,거소투표,,92,82,31,36,67,15,10
1100,서울특별시,도봉구제2선거구,5111002,1110,도봉구,관외사전투표,,4058,4050,2204,1750,3954,96,8
1100,서울특별시,도봉구제2선거구,5111002,1110,도봉구,쌍문1동,계,17675,8141,3665,4302,7967,174,9534
1100,서울특별시,도봉구제2선거구,5111002,1110,도봉구,쌍문1동,관내사전투표,2700,2696,1281,1339,2620,76,4
1100,서울특별시,도봉구제2선거구,5111002,1110,도봉구,쌍문1동,선거일투표,14975,5445,2384,2963,5347,98,9530
1100,서울특별시,도봉구제2선거구,5111002,1110,도봉구,쌍문3동,계,14460,6877,2995,3667,6662,215,7583
1100,서울특별시,도봉구제2선거구,5111002,1110,도봉구,쌍문3동,관내사전투표,2463,2463,1219,1183,2402,61,0
1100,서울특별시,도봉구제2선거구,5111002,1110,도봉구,쌍문3동,선거일투표,11997,4414,1776,2484,4260,154,7583
1100,서울특별시,도봉구제2선거구,5111002,1110,도봉구,창2동,계,24643,11457,5373,5744,11117,340,13186
1100,서울특별시,도봉구제2선거구,5111002,1110,도봉구,창2동,관내사전투표,4102,4099,2030,1969,3999,100,3
1100,서울특별시,도봉구제2선거구,5111002,1110,도봉구,창2동,선거일투표,20541,7358,3343,3775,7118,240,13183
1100,서울특별시,도봉구제2선거구,5111002,1110,도봉구,창3동,계,11596,5248,2304,2812,5116,132,6348
1100,서울특별시,도봉구제2선거구,5111002,1110,도봉구,창3동,관내사전투표,1952,1951,908,988,1896,55,1
1100,서울특별시,도봉구제2선거구,5111002,1110,도봉구,창3동,선거일투표,9644,3297,1396,1824,3220,77,6347
1100,서울특별시,도봉구제2선거구,5111002,1110,도봉구,잘못 투입·구분된 투표지,,0,19,7,12,19,0,-19
1100,서울특별시,도봉구제3선거구,5111003,1110,도봉구,합계,,55778,30248,14335,15472,29807,441,25530
1100,서울특별시,도봉구제3선거구,5111003,1110,도봉구,거소투표,,73,72,30,34,64,8,1
1100,서울특별시,도봉구제3선거구,5111003,1110,도봉구,관외사전투표,,3080,3076,1635,1379,3014,62,4
1100,서울특별시,도봉구제3선거구,5111003,1110,도봉구,쌍문2동,계,16063,7450,3555,3769,7324,126,8613
1100,서울특별시,도봉구제3선거구,5111003,1110,도봉구,쌍문2동,관내사전투표,2385,2385,1168,1165,2333,52,0
1100,서울특별시,도봉구제3선거구,5111003,1110,도봉구,쌍문2동,선거일투표,13678,5065,2387,2604,4991,74,8613
1100,서울특별시,도봉구제3선거구,5111003,1110,도봉구,쌍문4동,계,14415,7512,3416,3963,7379,133,6903
1100,서울특별시,도봉구제3선거구,5111003,1110,도봉구,쌍문4동,관내사전투표,2402,2401,1165,1184,2349,52,1
1100,서울특별시,도봉구제3선거구,5111003,1110,도봉구,쌍문4동,선거일투표,12013,5111,2251,2779,5030,81,6902
1100,서울특별시,도봉구제3선거구,5111003,1110,도봉구,방학3동,계,22147,12135,5696,6327,12023,112,10012
1100,서울특별시,도봉구제3선거구,5111003,1110,도봉구,방학3동,관내사전투표,4755,4755,2280,2434,4714,41,0
1100,서울특별시,도봉구제3선거구,5111003,1110,도봉구,방학3동,선거일투표,17392,7380,3416,3893,7309,71,10012
1100,서울특별시,도봉구제3선거구,5111003,1110,도봉구,잘못 투입·구분된 투표지,,0,3,3,0,3,0,-3
1100,서울특별시,도봉구제4선거구,5111004,1110,도봉구,합계,,86467,44759,20327,23254,43581,1178,41708
1100,서울특별시,도봉구제4선거구,5111004,1110,도봉구,거소투표,,136,126,49,53,102,24,10
1100,서울특별시,도봉구제4선거구,5111004,1110,도봉구,관외사전투표,,5450,5441,2780,2528,5308,133,9
1100,서울특별시,도봉구제4선거구,5111004,1110,도봉구,방학1동,계,23326,10743,4823,5682,10505,238,12583
1100,서울특별시,도봉구제4선거구,5111004,1110,도봉구,방학1동,관내사전투표,3345,3345,1600,1623,3223,122,0
1100,서울특별시,도봉구제4선거구,5111004,1110,도봉구,방학1동,선거일투표,19981,7398,3223,4059,7282,116,12583
1100,서울특별시,도봉구제4선거구,5111004,1110,도봉구,방학2동,계,16762,7614,3556,3869,7425,189,9148
1100,서울특별시,도봉구제4선거구,5111004,1110,도봉구,방학2동,관내사전투표,2969,2967,1466,1403,2869,98,2
1100,서울특별시,도봉구제4선거구,5111004,1110,도봉구,방학2동,선거일투표,13793,4647,2090,2466,4556,91,9146
1100,서울특별시,도봉구제4선거구,5111004,1110,도봉구,도봉1동,계,18812,9166,3922,5003,8925,241,9646
1100,서울특별시,도봉구제4선거구,5111004,1110,도봉구,도봉1동,관내사전투표,3128,3125,1456,1548,3004,121,3
1100,서울특별시,도봉구제4선거구,5111004,1110,도봉구,도봉1동,선거일투표,15684,6041,2466,3455,5921,120,9643
1100,서울특별시,도봉구제4선거구,5111004,1110,도봉구,도봉2동,계,21981,11649,5188,6109,11297,352,10332
1100,서울특별시,도봉구제4선거구,5111004,1110,도봉구,도봉2동,관내사전투표,2377,2371,1143,1155,2298,73,6
1100,서울특별시,도봉구제4선거구,5111004,1110,도봉구,도봉2동,선거일투표,19604,9278,4045,4954,8999,279,10326
1100,서울특별시,도봉구제4선거구,5111004,1110,도봉구,잘못 투입·구분된 투표지,,0,20,9,10,19,1,-20
1100,서울특별시,노원구제1선거구,5111101,1111,노원구,합계,,68551,38067,18532,18688,37220,847,30484
1100,서울특별시,노원구제1선거구,5111101,1111,노원구,거소투표,,81,73,36,32,68,5,8
1100,서울특별시,노원구제1선거구,5111101,1111,노원구,관외사전투표,,4707,4705,2539,2043,4582,123,2
1100,서울특별시,노원구제1선거구,5111101,1111,노원구,월계1동,계,18454,9459,4440,4838,9278,181,8995
1100,서울특별시,노원구제1선거구,5111101,1111,노원구,월계1동,관내사전투표,3525,3522,1791,1656,3447,75,3
1100,서울특별시,노원구제1선거구,5111101,1111,노원구,월계1동,선거일투표,14929,5937,2649,3182,5831,106,8992
1100,서울특별시,노원구제1선거구,5111101,1111,노원구,월계2동,계,21404,10781,5362,5196,10558,223,10623
1100,서울특별시,노원구제1선거구,5111101,1111,노원구,월계2동,관내사전투표,3125,3122,1679,1366,3045,77,3
1100,서울특별시,노원구제1선거구,5111101,1111,노원구,월계2동,선거일투표,18279,7659,3683,3830,7513,146,10620
1100,서울특별시,노원구제1선거구,5111101,1111,노원구,월계3동,계,23905,13035,6150,6570,12720,315,10870
1100,서울특별시,노원구제1선거구,5111101,1111,노원구,월계3동,관내사전투표,2453,2450,1254,1116,2370,80,3
1100,서울특별시,노원구제1선거구,5111101,1111,노원구,월계3동,선거일투표,21452,10585,4896,5454,10350,235,10867
1100,서울특별시,노원구제1선거구,5111101,1111,노원구,잘못 투입·구분된 투표지,,0,14,5,9,14,0,-14
1100,서울특별시,노원구제2선거구,5111102,1111,노원구,합계,,68421,37721,17547,18101,1400,37048,673,30700
1100,서울특별시,노원구제2선거구,5111102,1111,노원구,거소투표,,63,56,16,32,3,51,5,7
1100,서울특별시,노원구제2선거구,5111102,1111,노원구,관외사전투표,,4666,4659,2348,2036,166,4550,109,7
1100,서울특별시,노원구제2선거구,5111102,1111,노원구,공릉1동,계,30981,15355,7215,7330,513,15058,297,15626
1100,서울특별시,노원구제2선거구,5111102,1111,노원구,공릉1동,관내사전투표,4765,4758,2385,2140,149,4674,84,7
1100,서울특별시,노원구제2선거구,5111102,1111,노원구,공릉1동,선거일투표,26216,10597,4830,5190,364,10384,213,15619
1100,서울특별시,노원구제2선거구,5111102,1111,노원구,공릉2동,계,32711,17606,7945,8682,717,17344,262,15105
1100,서울특별시,노원구제2선거구,5111102,1111,노원구,공릉2동,관내사전투표,5077,5054,2528,2290,188,5006,48,23
1100,서울특별시,노원구제2선거구,5111102,1111,노원구,공릉2동,선거일투표,27634,12552,5417,6392,529,12338,214,15082
1100,서울특별시,노원구제2선거구,5111102,1111,노원구,잘못 투입·구분된 투표지,,0,45,23,21,1,45,0,-45
1100,서울특별시,노원구제3선거구,5111103,1111,노원구,합계,,80401,45312,22243,22051,44294,1018,35089
1100,서울특별시,노원구제3선거구,5111103,1111,노원구,거소투표,,162,159,55,88,143,16,3
1100,서울특별시,노원구제3선거구,5111103,1111,노원구,관외사전투표,,5458,5452,2645,2654,5299,153,6
1100,서울특별시,노원구제3선거구,5111103,1111,노원구,하계1동,계,21954,11177,5100,5798,10898,279,10777
1100,서울특별시,노원구제3선거구,5111103,1111,노원구,하계1동,관내사전투표,2878,2874,1418,1388,2806,68,4
1100,서울특별시,노원구제3선거구,5111103,1111,노원구,하계1동,선거일투표,19076,8303,3682,4410,8092,211,10773
1100,서울특별시,노원구제3선거구,5111103,1111,노원구,중계본동,계,17249,9119,4684,4254,8938,181,8130
1100,서울특별시,노원구제3선거구,5111103,1111,노원구,중계본동,관내사전투표,2714,2713,1555,1125,2680,33,1
1100,서울특별시,노원구제3선거구,5111103,1111,노원구,중계본동,선거일투표,14535,6406,3129,3129,6258,148,8129
1100,서울특별시,노원구제3선거구,5111103,1111,노원구,중계1동,계,19568,10813,5523,5113,10636,177,8755
1100,서울특별시,노원구제3선거구,5111103,1111,노원구,중계1동,관내사전투표,3839,3838,2076,1725,3801,37,1
1100,서울특별시,노원구제3선거구,5111103,1111,노원구,중계1동,선거일투표,15729,6975,3447,3388,6835,140,8754
1100,서울특별시,노원구제3선거구,5111103,1111,노원구,중계4동,계,16010,8569,4224,4135,8359,210,7441
1100,서울특별시,노원구제3선거구,5111103,1111,노원구,중계4동,관내사전투표,2862,2862,1491,1253,2744,118,0
1100,서울특별시,노원구제3선거구,5111103,1111,노원구,중계4동,선거일투표,13148,5707,2733,2882,5615,92,7441
1100,서울특별시,노원구제3선거구,5111103,1111,노원구,잘못 투입·구분된 투표지,,0,23,12,9,21,2,-23
1100,서울특별시,노원구제4선거구,5111104,1111,노원구,합계,,76206,42813,20937,20844,41781,1032,33393
1100,서울특별시,노원구제4선거구,5111104,1111,노원구,거소투표,,124,104,44,50,94,10,20
1100,서울특별시,노원구제4선거구,5111104,1111,노원구,관외사전투표,,4744,4738,2431,2178,4609,129,6
1100,서울특별시,노원구제4선거구,5111104,1111,노원구,하계2동,계,17105,9407,4577,4582,9159,248,7698
1100,서울특별시,노원구제4선거구,5111104,1111,노원구,하계2동,관내사전투표,2576,2575,1284,1203,2487,88,1
1100,서울특별시,노원구제4선거구,5111104,1111,노원구,하계2동,선거일투표,14529,6832,3293,3379,6672,160,7697
1100,서울특별시,노원구제4선거구,5111104,1111,노원구,중계2·3동,계,28366,14849,7398,7076,14474,375,13517
1100,서울특별시,노원구제4선거구,5111104,1111,노원구,중계2·3동,관내사전투표,4150,4150,2284,1787,4071,79,0
1100,서울특별시,노원구제4선거구,5111104,1111,노원구,중계2·3동,선거일투표,24216,10699,5114,5289,10403,296,13517
1100,서울특별시,노원구제4선거구,5111104,1111,노원구,상계6·7동,계,25867,13700,6479,6953,13432,268,12167
1100,서울특별시,노원구제4선거구,5111104,1111,노원구,상계6·7동,관내사전투표,2882,2879,1551,1277,2828,51,3
1100,서울특별시,노원구제4선거구,5111104,1111,노원구,상계6·7동,선거일투표,22985,10821,4928,5676,10604,217,12164
1100,서울특별시,노원구제4선거구,5111104,1111,노원구,잘못 투입·구분된 투표지,,0,15,8,5,13,2,-15
1100,서울특별시,노원구제5선거구,5111105,1111,노원구,합계,,62269,32923,15612,16475,32087,836,29346
1100,서울특별시,노원구제5선거구,5111105,1111,노원구,거소투표,,90,80,36,35,71,9,10
1100,서울특별시,노원구제5선거구,5111105,1111,노원구,관외사전투표,,3660,3658,1873,1695,3568,90,2
1100,서울특별시,노원구제5선거구,5111105,1111,노원구,상계2동,계,16665,8296,3927,4202,8129,167,8369
1100,서울특별시,노원구제5선거구,5111105,1111,노원구,상계2동,관내사전투표,3380,3379,1662,1618,3280,99,1
1100,서울특별시,노원구제5선거구,5111105,1111,노원구,상계2동,선거일투표,13285,4917,2265,2584,4849,68,8368
1100,서울특별시,노원구제5선거구,5111105,1111,노원구,상계3·4동,계,21394,10624,4954,5378,10332,292,10770
1100,서울특별시,노원구제5선거구,5111105,1111,노원구,상계3·4동,관내사전투표,2992,2990,1482,1375,2857,133,2
1100,서울특별시,노원구제5선거구,5111105,1111,노원구,상계3·4동,선거일투표,18402,7634,3472,4003,7475,159,10768
1100,서울특별시,노원구제5선거구,5111105,1111,노원구,상계5동,계,20460,10247,4815,5157,9972,275,10213
1100,서울특별시,노원구제5선거구,5111105,1111,노원구,상계5동,관내사전투표,3437,3430,1720,1611,3331,99,7
1100,서울특별시,노원구제5선거구,5111105,1111,노원구,상계5동,선거일투표,17023,6817,3095,3546,6641,176,10206
1100,서울특별시,노원구제5선거구,5111105,1111,노원구,잘못 투입·구분된 투표지,,0,18,7,8,15,3,-18
1100,서울특별시,노원구제6선거구,5111106,1111,노원구,합계,,85900,48243,23695,23341,47036,1207,37657
1100,서울특별시,노원구제6선거구,5111106,1111,노원구,거소투표,,155,148,59,70,129,19,7
1100,서울특별시,노원구제6선거구,5111106,1111,노원구,관외사전투표,,5250,5245,2764,2354,5118,127,5
1100,서울특별시,노원구제6선거구,5111106,1111,노원구,상계1동,계,31175,15914,7727,7688,15415,499,15261
1100,서울특별시,노원구제6선거구,5111106,1111,노원구,상계1동,관내사전투표,5090,5089,2632,2341,4973,116,1
1100,서울특별시,노원구제6선거구,5111106,1111,노원구,상계1동,선거일투표,26085,10825,5095,5347,10442,383,15260
1100,서울특별시,노원구제6선거구,5111106,1111,노원구,상계8동,계,17578,9514,4999,4365,9364,150,8064
1100,서울특별시,노원구제6선거구,5111106,1111,노원구,상계8동,관내사전투표,3383,3377,1979,1360,3339,38,6
1100,서울특별시,노원구제6선거구,5111106,1111,노원구,상계8동,선거일투표,14195,6137,3020,3005,6025,112,8058
1100,서울특별시,노원구제6선거구,5111106,1111,노원구,상계9동,계,16605,9128,4283,4660,8943,185,7477
1100,서울특별시,노원구제6선거구,5111106,1111,노원구,상계9동,관내사전투표,3275,3271,1648,1553,3201,70,4
1100,서울특별시,노원구제6선거구,5111106,1111,노원구,상계9동,선거일투표,13330,5857,2635,3107,5742,115,7473
1100,서울특별시,노원구제6선거구,5111106,1111,노원구,상계10동,계,15137,8266,3849,4191,8040,226,6871
1100,서울특별시,노원구제6선거구,5111106,1111,노원구,상계10동,관내사전투표,2879,2874,1468,1345,2813,61,5
1100,서울특별시,노원구제6선거구,5111106,1111,노원구,상계10동,선거일투표,12258,5392,2381,2846,5227,165,6866
1100,서울특별시,노원구제6선거구,5111106,1111,노원구,잘못 투입·구분된 투표지,,0,28,14,13,27,1,-28
1100,서울특별시,은평구제1선거구,5111201,1112,은평구,합계,,106713,54472,26775,26661,53436,1036,52241
1100,서울특별시,은평구제1선거구,5111201,1112,은평구,거소투표,,105,102,50,39,89,13,3
1100,서울특별시,은평구제1선거구,5111201,1112,은평구,관외사전투표,,7630,7623,4023,3436,7459,164,7
1100,서울특별시,은평구제1선거구,5111201,1112,은평구,녹번동,계,30320,14236,6554,7445,13999,237,16084
1100,서울특별시,은평구제1선거구,5111201,1112,은평구,녹번동,관내사전투표,4832,4829,2457,2302,4759,70,3
1100,서울특별시,은평구제1선거구,5111201,1112,은평구,녹번동,선거일투표,25488,9407,4097,5143,9240,167,16081
1100,서울특별시,은평구제1선거구,5111201,1112,은평구,응암제1동,계,26100,12542,6132,6212,12344,198,13558
1100,서울특별시,은평구제1선거구,5111201,1112,은평구,응암제1동,관내사전투표,3927,3922,2044,1828,3872,50,5
1100,서울특별시,은평구제1선거구,5111201,1112,은평구,응암제1동,선거일투표,22173,8620,4088,4384,8472,148,13553
1100,서울특별시,은평구제1선거구,5111201,1112,은평구,응암제2동,계,20931,10091,5061,4867,9928,163,10840
1100,서울특별시,은평구제1선거구,5111201,1112,은평구,응암제2동,관내사전투표,2803,2801,1488,1255,2743,58,2
1100,서울특별시,은평구제1선거구,5111201,1112,은평구,응암제2동,선거일투표,18128,7290,3573,3612,7185,105,10838
1100,서울특별시,은평구제1선거구,5111201,1112,은평구,응암제3동,계,21627,9852,4941,4653,9594,258,11775
1100,서울특별시,은평구제1선거구,5111201,1112,은평구,응암제3동,관내사전투표,4010,4004,2112,1769,3881,123,6
1100,서울특별시,은평구제1선거구,5111201,1112,은평구,응암제3동,선거일투표,17617,5848,2829,2884,5713,135,11769
1100,서울특별시,은평구제1선거구,5111201,1112,은평구,잘못 투입·구분된 투표지,,0,26,14,9,23,3,-26
1100,서울특별시,은평구제2선거구,5111202,1112,은평구,합계,,108561,56276,28773,26173,54946,1330,52285
1100,서울특별시,은평구제2선거구,5111202,1112,은평구,거소투표,,127,118,53,44,97,21,9
1100,서울특별시,은평구제2선거구,5111202,1112,은평구,관외사전투표,,7284,7278,4119,2963,7082,196,6
1100,서울특별시,은평구제2선거구,5111202,1112,은평구,역촌동,계,37865,17204,8945,7784,16729,475,20661
1100,서울특별시,은평구제2선거구,5111202,1112,은평구,역촌동,관내사전투표,6544,6536,3608,2673,6281,255,8
1100,서울특별시,은평구제2선거구,5111202,1112,은평구,역촌동,선거일투표,31321,10668,5337,5111,10448,220,20653
1100,서울특별시,은평구제2선거구,5111202,1112,은평구,신사제1동,계,22757,11125,5726,5216,10942,183,11632
1100,서울특별시,은평구제2선거구,5111202,1112,은평구,신사제1동,관내사전투표,4922,4915,2578,2255,4833,82,7
1100,서울특별시,은평구제2선거구,5111202,1112,은평구,신사제1동,선거일투표,17835,6210,3148,2961,6109,101,11625
1100,서울특별시,은평구제2선거구,5111202,1112,은평구,신사제2동,계,15864,7338,3644,3560,7204,134,8526
1100,서울특별시,은평구제2선거구,5111202,1112,은평구,신사제2동,관내사전투표,2291,2291,1169,1057,2226,65,0
1100,서울특별시,은평구제2선거구,5111202,1112,은평구,신사제2동,선거일투표,13573,5047,2475,2503,4978,69,8526
1100,서울특별시,은평구제2선거구,5111202,1112,은평구,증산동,계,13866,7400,3679,3549,7228,172,6466
1100,서울특별시,은평구제2선거구,5111202,1112,은평구,증산동,관내사전투표,3172,3172,1640,1438,3078,94,0
1100,서울특별시,은평구제2선거구,5111202,1112,은평구,증산동,선거일투표,10694,4228,2039,2111,4150,78,6466
1100,서울특별시,은평구제2선거구,5111202,1112,은평구,수색동,계,10798,5791,2598,3046,5644,147,5007
1100,서울특별시,은평구제2선거구,5111202,1112,은평구,수색동,관내사전투표,2068,2067,954,1058,2012,55,1
1100,서울특별시,은평구제2선거구,5111202,1112,은평구,수색동,선거일투표,8730,3724,1644,1988,3632,92,5006
1100,서울특별시,은평구제2선거구,5111202,1112,은평구,잘못 투입·구분된 투표지,,0,22,9,11,20,2,-22
1100,서울특별시,은평구제3선거구,5111203,1112,은평구,합계,,90277,48549,23068,22394,2213,47675,874,41728
1100,서울특별시,은평구제3선거구,5111203,1112,은평구,거소투표,,140,137,54,55,10,119,18,3
1100,서울특별시,은평구제3선거구,5111203,1112,은평구,관외사전투표,,5899,5886,3067,2494,202,5763,123,13
1100,서울특별시,은평구제3선거구,5111203,1112,은평구,갈현제1동,계,18193,8186,3664,3881,409,7954,232,10007
1100,서울특별시,은평구제3선거구,5111203,1112,은평구,갈현제1동,관내사전투표,3478,3477,1568,1604,138,3310,167,1
1100,서울특별시,은평구제3선거구,5111203,1112,은평구,갈현제1동,선거일투표,14715,4709,2096,2277,271,4644,65,10006
1100,서울특별시,은평구제3선거구,5111203,1112,은평구,갈현제2동,계,23720,10844,5265,4871,505,10641,203,12876
1100,서울특별시,은평구제3선거구,5111203,1112,은평구,갈현제2동,관내사전투표,4049,4046,2104,1662,162,3928,118,3
1100,서울특별시,은평구제3선거구,5111203,1112,은평구,갈현제2동,선거일투표,19671,6798,3161,3209,343,6713,85,12873
1100,서울특별시,은평구제3선거구,5111203,1112,은평구,진관동,계,42325,23470,11007,11081,1085,23173,297,18855
1100,서울특별시,은평구제3선거구,5111203,1112,은평구,진관동,관내사전투표,6987,6982,3507,3074,284,6865,117,5
1100,서울특별시,은평구제3선거구,5111203,1112,은평구,진관동,선거일투표,35338,16488,7500,8007,801,16308,180,18850
1100,서울특별시,은평구제3선거구,5111203,1112,은평구,잘못 투입·구분된 투표지,,0,26,11,12,2,25,1,-26
1100,서울특별시,은평구제4선거구,5111204,1112,은평구,합계,,112836,56636,28909,26344,55253,1383,56200
1100,서울특별시,은평구제4선거구,5111204,1112,은평구,거소투표,,520,488,191,161,352,136,32
1100,서울특별시,은평구제4선거구,5111204,1112,은평구,관외사전투표,,7942,7940,4587,3174,7761,179,2
1100,서울특별시,은평구제4선거구,5111204,1112,은평구,불광제1동,계,31047,15302,7437,7570,15007,295,15745
1100,서울특별시,은평구제4선거구,5111204,1112,은평구,불광제1동,관내사전투표,3867,3862,2017,1735,3752,110,5
1100,서울특별시,은평구제4선거구,5111204,1112,은평구,불광제1동,선거일투표,27180,11440,5420,5835,11255,185,15740
1100,서울특별시,은평구제4선거구,5111204,1112,은평구,불광제2동,계,24352,11373,5665,5417,11082,291,12979
1100,서울특별시,은평구제4선거구,5111204,1112,은평구,불광제2동,관내사전투표,4164,4160,2165,1822,3987,173,4
1100,서울특별시,은평구제4선거구,5111204,1112,은평구,불광제2동,선거일투표,20188,7213,3500,3595,7095,118,12975
1100,서울특별시,은평구제4선거구,5111204,1112,은평구,구산동,계,26246,11788,6008,5515,11523,265,14458
1100,서울특별시,은평구제4선거구,5111204,1112,은평구,구산동,관내사전투표,4162,4156,2234,1804,4038,118,6
1100,서울특별시,은평구제4선거구,5111204,1112,은평구,구산동,선거일투표,22084,7632,3774,3711,7485,147,14452
1100,서울특별시,은평구제4선거구,5111204,1112,은평구,대조동,계,22729,9720,5010,4498,9508,212,13009
1100,서울특별시,은평구제4선거구,5111204,1112,은평구,대조동,관내사전투표,3280,3279,1715,1433,3148,131,1
1100,서울특별시,은평구제4선거구,5111204,1112,은평구,대조동,선거일투표,19449,6441,3295,3065,6360,81,13008
1100,서울특별시,은평구제4선거구,5111204,1112,은평구,잘못 투입·구분된 투표지,,0,25,11,9,20,5,-25
1100,서울특별시,서대문구제1선거구,5111301,1113,서대문구,합계,,65905,34555,15849,17763,33612,943,31350
1100,서울특별시,서대문구제1선거구,5111301,1113,서대문구,거소투표,,76,73,35,33,68,5,3
1100,서울특별시,서대문구제1선거구,5111301,1113,서대문구,관외사전투표,,4734,4729,2416,2199,4615,114,5
1100,서울특별시,서대문구제1선거구,5111301,1113,서대문구,충현동,계,16224,7840,3424,4205,7629,211,8384
1100,서울특별시,서대문구제1선거구,5111301,1113,서대문구,충현동,관내사전투표,1978,1976,930,1011,1941,35,2
1100,서울특별시,서대문구제1선거구,5111301,1113,서대문구,충현동,선거일투표,14246,5864,2494,3194,5688,176,8382
1100,서울특별시,서대문구제1선거구,5111301,1113,서대문구,천연동,계,14028,7966,3610,4124,7734,232,6062
1100,서울특별시,서대문구제1선거구,5111301,1113,서대문구,천연동,관내사전투표,2604,2599,1249,1272,2521,78,5
1100,서울특별시,서대문구제1선거구,5111301,1113,서대문구,천연동,선거일투표,11424,5367,2361,2852,5213,154,6057
1100,서울특별시,서대문구제1선거구,5111301,1113,서대문구,북아현동,계,13563,7366,3316,3863,7179,187,6197
1100,서울특별시,서대문구제1선거구,5111301,1113,서대문구,북아현동,관내사전투표,2897,2890,1444,1347,2791,99,7
1100,서울특별시,서대문구제1선거구,5111301,1113,서대문구,북아현동,선거일투표,10666,4476,1872,2516,4388,88,6190
1100,서울특별시,서대문구제1선거구,5111301,1113,서대문구,신촌동,계,17280,6539,3029,3319,6348,191,10741
1100,서울특별시,서대문구제1선거구,5111301,1113,서대문구,신촌동,관내사전투표,1501,1501,756,694,1450,51,0
1100,서울특별시,서대문구제1선거구,5111301,1113,서대문구,신촌동,선거일투표,15779,5038,2273,2625,4898,140,10741
1100,서울특별시,서대문구제1선거구,5111301,1113,서대문구,잘못 투입·구분된 투표지,,0,42,19,20,39,3,-42
1100,서울특별시,서대문구제2선거구,5111302,1113,서대문구,합계,,65228,35844,17015,18055,35070,774,29384
1100,서울특별시,서대문구제2선거구,5111302,1113,서대문구,거소투표,,57,55,25,24,49,6,2
1100,서울특별시,서대문구제2선거구,5111302,1113,서대문구,관외사전투표,,5716,5698,3071,2500,5571,127,18
1100,서울특별시,서대문구제2선거구,5111302,1113,서대문구,연희동,계,29078,13235,6038,6899,12937,298,15843
1100,서울특별시,서대문구제2선거구,5111302,1113,서대문구,연희동,관내사전투표,3271,3268,1610,1584,3194,74,3
1100,서울특별시,서대문구제2선거구,5111302,1113,서대문구,연희동,선거일투표,25807,9967,4428,5315,9743,224,15840
1100,서울특별시,서대문구제2선거구,5111302,1113,서대문구,홍제제1동,계,18651,9923,4703,4980,9683,240,8728
1100,서울특별시,서대문구제2선거구,5111302,1113,서대문구,홍제제1동,관내사전투표,2103,2097,1045,1007,2052,45,6
1100,서울특별시,서대문구제2선거구,5111302,1113,서대문구,홍제제1동,선거일투표,16548,7826,3658,3973,7631,195,8722
1100,서울특별시,서대문구제2선거구,5111302,1113,서대문구,홍제제2동,계,11726,6882,3154,3627,6781,101,4844
1100,서울특별시,서대문구제2선거구,5111302,1113,서대문구,홍제제2동,관내사전투표,2791,2784,1352,1374,2726,58,7
1100,서울특별시,서대문구제2선거구,5111302,1113,서대문구,홍제제2동,선거일투표,8935,4098,1802,2253,4055,43,4837
1100,서울특별시,서대문구제2선거구,5111302,1113,서대문구,잘못 투입·구분된 투표지,,0,51,24,25,49,2,-51
1100,서울특별시,서대문구제3선거구,5111303,1113,서대문구,합계,,59737,32136,15721,15409,31130,1006,27601
1100,서울특별시,서대문구제3선거구,5111303,1113,서대문구,거소투표,,91,86,31,48,79,7,5
1100,서울특별시,서대문구제3선거구,5111303,1113,서대문구,관외사전투표,,4796,4787,2603,2063,4666,121,9
1100,서울특별시,서대문구제3선거구,5111303,1113,서대문구,홍제제3동,계,14428,7465,3622,3657,7279,186,6963
1100,서울특별시,서대문구제3선거구,5111303,1113,서대문구,홍제제3동,관내사전투표,2440,2436,1252,1085,2337,99,4
1100,서울특별시,서대문구제3선거구,5111303,1113,서대문구,홍제제3동,선거일투표,11988,5029,2370,2572,4942,87,6959
1100,서울특별시,서대문구제3선거구,5111303,1113,서대문구,홍은제1동,계,18994,10144,4996,4899,9895,249,8850
1100,서울특별시,서대문구제3선거구,5111303,1113,서대문구,홍은제1동,관내사전투표,3492,3489,1881,1511,3392,97,3
1100,서울특별시,서대문구제3선거구,5111303,1113,서대문구,홍은제1동,선거일투표,15502,6655,3115,3388,6503,152,8847
1100,서울특별시,서대문구제3선거구,5111303,1113,서대문구,홍은제2동,계,21428,9619,4451,4729,9180,439,11809
1100,서울특별시,서대문구제3선거구,5111303,1113,서대문구,홍은제2동,관내사전투표,2797,2791,1423,1279,2702,89,6
1100,서울특별시,서대문구제3선거구,5111303,1113,서대문구,홍은제2동,선거일투표,18631,6828,3028,3450,6478,350,11803
1100,서울특별시,서대문구제3선거구,5111303,1113,서대문구,잘못 투입·구분된 투표지,,0,35,18,13,31,4,-35
1100,서울특별시,서대문구제4선거구,5111304,1113,서대문구,합계,,80848,44408,21543,21741,43284,1124,36440
1100,서울특별시,서대문구제4선거구,5111304,1113,서대문구,거소투표,,93,88,31,46,77,11,5
1100,서울특별시,서대문구제4선거구,5111304,1113,서대문구,관외사전투표,,4221,4219,2330,1799,4129,90,2
1100,서울특별시,서대문구제4선거구,5111304,1113,서대문구,남가좌제1동,계,12709,7587,3507,3899,7406,181,5122
1100,서울특별시,서대문구제4선거구,5111304,1113,서대문구,남가좌제1동,관내사전투표,3332,3331,1667,1596,3263,68,1
1100,서울특별시,서대문구제4선거구,5111304,1113,서대문구,남가좌제1동,선거일투표,9377,4256,1840,2303,4143,113,5121
1100,서울특별시,서대문구제4선거구,5111304,1113,서대문구,남가좌제2동,계,22639,11163,5433,5477,10910,253,11476
1100,서울특별시,서대문구제4선거구,5111304,1113,서대문구,남가좌제2동,관내사전투표,2788,2786,1493,1226,2719,67,2
1100,서울특별시,서대문구제4선거구,5111304,1113,서대문구,남가좌제2동,선거일투표,19851,8377,3940,4251,8191,186,11474
1100,서울특별시,서대문구제4선거구,5111304,1113,서대문구,북가좌제1동,계,15056,8738,3917,4669,8586,152,6318
1100,서울특별시,서대문구제4선거구,5111304,1113,서대문구,북가좌제1동,관내사전투표,3685,3683,1784,1805,3589,94,2
1100,서울특별시,서대문구제4선거구,5111304,1113,서대문구,북가좌제1동,선거일투표,11371,5055,2133,2864,4997,58,6316
1100,서울특별시,서대문구제4선거구,5111304,1113,서대문구,북가좌제2동,계,26130,12568,6309,5826,12135,433,13562
1100,서울특별시,서대문구제4선거구,5111304,1113,서대문구,북가좌제2동,관내사전투표,3949,3938,2146,1666,3812,126,11
1100,서울특별시,서대문구제4선거구,5111304,1113,서대문구,북가좌제2동,선거일투표,22181,8630,4163,4160,8323,307,13551
1100,서울특별시,서대문구제4선거구,5111304,1113,서대문구,잘못 투입·구분된 투표지,,0,45,16,25,41,4,-45
1100,서울특별시,마포구제1선거구,5111401,1114,마포구,합계,,72995,40596,16658,23257,39915,681,32399
1100,서울특별시,마포구제1선거구,5111401,1114,마포구,거소투표,,61,56,15,26,41,15,5
1100,서울특별시,마포구제1선거구,5111401,1114,마포구,관외사전투표,,6157,6152,2803,3243,6046,106,5
1100,서울특별시,마포구제1선거구,5111401,1114,마포구,공덕동,계,29614,13760,5980,7543,13523,237,15854
1100,서울특별시,마포구제1선거구,5111401,1114,마포구,공덕동,관내사전투표,2823,2823,1392,1368,2760,63,0
1100,서울특별시,마포구제1선거구,5111401,1114,마포구,공덕동,선거일투표,26791,10937,4588,6175,10763,174,15854
1100,서울특별시,마포구제1선거구,5111401,1114,마포구,아현동,계,19710,10689,4028,6504,10532,157,9021
1100,서울특별시,마포구제1선거구,5111401,1114,마포구,아현동,관내사전투표,2855,2853,1118,1670,2788,65,2
1100,서울특별시,마포구제1선거구,5111401,1114,마포구,아현동,선거일투표,16855,7836,2910,4834,7744,92,9019
1100,서울특별시,마포구제1선거구,5111401,1114,마포구,도화동,계,17453,9928,3828,5935,9763,165,7525
1100,서울특별시,마포구제1선거구,5111401,1114,마포구,도화동,관내사전투표,2956,2954,1304,1574,2878,76,2
1100,서울특별시,마포구제1선거구,5111401,1114,마포구,도화동,선거일투표,14497,6974,2524,4361,6885,89,7523
1100,서울특별시,마포구제1선거구,5111401,1114,마포구,잘못 투입·구분된 투표지,,0,11,4,6,10,1,-11
1100,서울특별시,마포구제2선거구,5111402,1114,마포구,합계,,64729,35449,16944,17721,34665,784,29280
1100,서울특별시,마포구제2선거구,5111402,1114,마포구,거소투표,,49,48,16,26,42,6,1
1100,서울특별시,마포구제2선거구,5111402,1114,마포구,관외사전투표,,4708,4704,2393,2209,4602,102,4
1100,서울특별시,마포구제2선거구,5111402,1114,마포구,용강동,계,16698,9272,4261,4812,9073,199,7426
1100,서울특별시,마포구제2선거구,5111402,1114,마포구,용강동,관내사전투표,3117,3114,1573,1464,3037,77,3
1100,서울특별시,마포구제2선거구,5111402,1114,마포구,용강동,선거일투표,13581,6158,2688,3348,6036,122,7423
1100,서울특별시,마포구제2선거구,5111402,1114,마포구,대흥동,계,12219,5513,2682,2710,5392,121,6706
1100,서울특별시,마포구제2선거구,5111402,1114,마포구,대흥동,관내사전투표,1808,1805,958,793,1751,54,3
1100,서울특별시,마포구제2선거구,5111402,1114,마포구,대흥동,선거일투표,10411,3708,1724,1917,3641,67,6703
1100,서울특별시,마포구제2선거구,5111402,1114,마포구,염리동,계,13433,6890,3344,3380,6724,166,6543
1100,서울특별시,마포구제2선거구,5111402,1114,마포구,염리동,관내사전투표,2430,2430,1311,1082,2393,37,0
1100,서울특별시,마포구제2선거구,5111402,1114,마포구,염리동,선거일투표,11003,4460,2033,2298,4331,129,6543
1100,서울특별시,마포구제2선거구,5111402,1114,마포구,신수동,계,17622,9005,4243,4572,8815,190,8617
1100,서울특별시,마포구제2선거구,5111402,1114,마포구,신수동,관내사전투표,2773,2771,1371,1324,2695,76,2
1100,서울특별시,마포구제2선거구,5111402,1114,마포구,신수동,선거일투표,14849,6234,2872,3248,6120,114,8615
1100,서울특별시,마포구제2선거구,5111402,1114,마포구,잘못 투입·구분된 투표지,,0,17,5,12,17,0,-17
1100,서울특별시,마포구제3선거구,5111403,1114,마포구,합계,,79262,40743,20090,19734,39824,919,38519
1100,서울특별시,마포구제3선거구,5111403,1114,마포구,거소투표,,66,61,24,29,53,8,5
1100,서울특별시,마포구제3선거구,5111403,1114,마포구,관외사전투표,,5700,5697,3104,2463,5567,130,3
1100,서울특별시,마포구제3선거구,5111403,1114,마포구,서강동,계,20340,10424,4592,5573,10165,259,9916
1100,서울특별시,마포구제3선거구,5111403,1114,마포구,서강동,관내사전투표,2891,2890,1411,1411,2822,68,1
1100,서울특별시,마포구제3선거구,5111403,1114,마포구,서강동,선거일투표,17449,7534,3181,4162,7343,191,9915
1100,서울특별시,마포구제3선거구,5111403,1114,마포구,서교동,계,21198,8761,4264,4311,8575,186,12437
1100,서울특별시,마포구제3선거구,5111403,1114,마포구,서교동,관내사전투표,2427,2425,1321,1054,2375,50,2
1100,서울특별시,마포구제3선거구,5111403,1114,마포구,서교동,선거일투표,18771,6336,2943,3257,6200,136,12435
1100,서울특별시,마포구제3선거구,5111403,1114,마포구,합정동,계,14912,7416,3720,3546,7266,150,7496
1100,서울특별시,마포구제3선거구,5111403,1114,마포구,합정동,관내사전투표,2544,2544,1402,1091,2493,51,0
1100,서울특별시,마포구제3선거구,5111403,1114,마포구,합정동,선거일투표,12368,4872,2318,2455,4773,99,7496
1100,서울특별시,마포구제3선거구,5111403,1114,마포구,망원1동,계,17046,8377,4380,3811,8191,186,8669
1100,서울특별시,마포구제3선거구,5111403,1114,마포구,망원1동,관내사전투표,3187,3186,1730,1390,3120,66,1
1100,서울특별시,마포구제3선거구,5111403,1114,마포구,망원1동,선거일투표,13859,5191,2650,2421,5071,120,8668
1100,서울특별시,마포구제3선거구,5111403,1114,마포구,잘못 투입·구분된 투표지,,0,7,6,1,7,0,-7
1100,서울특별시,마포구제4선거구,5111404,1114,마포구,합계,,107542,58195,30236,26595,56831,1364,49347
1100,서울특별시,마포구제4선거구,5111404,1114,마포구,거소투표,,131,123,58,57,115,8,8
1100,서울특별시,마포구제4선거구,5111404,1114,마포구,관외사전투표,,7738,7733,4416,3131,7547,186,5
1100,서울특별시,마포구제4선거구,5111404,1114,마포구,망원2동,계,15427,7922,4255,3523,7778,144,7505
1100,서울특별시,마포구제4선거구,5111404,1114,마포구,망원2동,관내사전투표,2798,2798,1649,1103,2752,46,0
1100,서울특별시,마포구제4선거구,5111404,1114,마포구,망원2동,선거일투표,12629,5124,2606,2420,5026,98,7505
1100,서울특별시,마포구제4선거구,5111404,1114,마포구,연남동,계,13603,6546,3262,3113,6375,171,7057
1100,서울특별시,마포구제4선거구,5111404,1114,마포구,연남동,관내사전투표,2409,2407,1335,994,2329,78,2
1100,서울특별시,마포구제4선거구,5111404,1114,마포구,연남동,선거일투표,11194,4139,1927,2119,4046,93,7055
1100,서울특별시,마포구제4선거구,5111404,1114,마포구,성산1동,계,15469,7051,3894,3031,6925,126,8418
1100,서울특별시,마포구제4선거구,5111404,1114,마포구,성산1동,관내사전투표,2199,2198,1305,845,2150,48,1
1100,서울특별시,마포구제4선거구,5111404,1114,마포구,성산1동,선거일투표,13270,4853,2589,2186,4775,78,8417
1100,서울특별시,마포구제4선거구,5111404,1114,마포구,성산2동,계,31662,16023,8076,7532,15608,415,15639
1100,서울특별시,마포구제4선거구,5111404,1114,마포구,성산2동,관내사전투표,4076,4076,2165,1822,3987,89,0
1100,서울특별시,마포구제4선거구,5111404,1114,마포구,성산2동,선거일투표,27586,11947,5911,5710,11621,326,15639
1100,서울특별시,마포구제4선거구,5111404,1114,마포구,상암동,계,23512,12792,6273,6205,12478,314,10720
1100,서울특별시,마포구제4선거구,5111404,1114,마포구,상암동,관내사전투표,3285,3285,1752,1479,3231,54,0
1100,서울특별시,마포구제4선거구,5111404,1114,마포구,상암동,선거일투표,20227,9507,4521,4726,9247,260,10720
1100,서울특별시,마포구제4선거구,5111404,1114,마포구,잘못 투입·구분된 투표지,,0,5,2,3,5,0,-5
1100,서울특별시,양천구제1선거구,5111501,1115,양천구,합계,,99495,55617,24260,30571,54831,786,43878
1100,서울특별시,양천구제1선거구,5111501,1115,양천구,거소투표,,91,86,39,45,84,2,5
1100,서울특별시,양천구제1선거구,5111501,1115,양천구,관외사전투표,,6365,6363,3187,3038,6225,138,2
1100,서울특별시,양천구제1선거구,5111501,1115,양천구,목2동,계,24720,12419,5989,6222,12211,208,12301
1100,서울특별시,양천구제1선거구,5111501,1115,양천구,목2동,관내사전투표,4322,4320,2308,1934,4242,78,2
1100,서울특별시,양천구제1선거구,5111501,1115,양천구,목2동,선거일투표,20398,8099,3681,4288,7969,130,12299
1100,서울특별시,양천구제1선거구,5111501,1115,양천구,목3동,계,18221,8740,3947,4638,8585,155,9481
1100,서울특별시,양천구제1선거구,5111501,1115,양천구,목3동,관내사전투표,3325,3325,1557,1685,3242,83,0
1100,서울특별시,양천구제1선거구,5111501,1115,양천구,목3동,선거일투표,14896,5415,2390,2953,5343,72,9481
1100,서울특별시,양천구제1선거구,5111501,1115,양천구,목4동,계,20781,10621,5120,5357,10477,144,10160
1100,서울특별시,양천구제1선거구,5111501,1115,양천구,목4동,관내사전투표,3859,3859,1875,1922,3797,62,0
1100,서울특별시,양천구제1선거구,5111501,1115,양천구,목4동,선거일투표,16922,6762,3245,3435,6680,82,10160
1100,서울특별시,양천구제1선거구,5111501,1115,양천구,목5동,계,29317,17374,5973,11263,17236,138,11943
1100,서울특별시,양천구제1선거구,5111501,1115,양천구,목5동,관내사전투표,4657,4653,1785,2819,4604,49,4
1100,서울특별시,양천구제1선거구,5111501,1115,양천구,목5동,선거일투표,24660,12721,4188,8444,12632,89,11939
1100,서울특별시,양천구제1선거구,5111501,1115,양천구,잘못 투입·구분된 투표지,,0,14,5,8,13,1,-14
1100,서울특별시,양천구제2선거구,5111502,1115,양천구,합계,,99482,59575,22599,36304,58903,672,39907
1100,서울특별시,양천구제2선거구,5111502,1115,양천구,거소투표,,107,106,34,62,96,10,1
1100,서울특별시,양천구제2선거구,5111502,1115,양천구,관외사전투표,,8162,8150,3433,4590,8023,127,12
1100,서울특별시,양천구제2선거구,5111502,1115,양천구,목1동,계,22101,12231,4246,7874,12120,111,9870
1100,서울특별시,양천구제2선거구,5111502,1115,양천구,목1동,관내사전투표,3042,3040,1166,1848,3014,26,2
1100,서울특별시,양천구제2선거구,5111502,1115,양천구,목1동,선거일투표,19059,9191,3080,6026,9106,85,9868
1100,서울특별시,양천구제2선거구,5111502,1115,양천구,신정1동,계,14319,8029,2845,5099,7944,85,6290
1100,서울특별시,양천구제2선거구,5111502,1115,양천구,신정1동,관내사전투표,2152,2151,924,1187,2111,40,1
1100,서울특별시,양천구제2선거구,5111502,1115,양천구,신정1동,선거일투표,12167,5878,1921,3912,5833,45,6289
1100,서울특별시,양천구제2선거구,5111502,1115,양천구,신정2동,계,15135,8301,3583,4610,8193,108,6834
1100,서울특별시,양천구제2선거구,5111502,1115,양천구,신정2동,관내사전투표,2931,2929,1388,1497,2885,44,2
1100,서울특별시,양천구제2선거구,5111502,1115,양천구,신정2동,선거일투표,12204,5372,2195,3113,5308,64,6832
1100,서울특별시,양천구제2선거구,5111502,1115,양천구,신정6동,계,17519,10391,3485,6802,10287,104,7128
1100,서울특별시,양천구제2선거구,5111502,1115,양천구,신정6동,관내사전투표,2312,2311,881,1400,2281,30,1
1100,서울특별시,양천구제2선거구,5111502,1115,양천구,신정6동,선거일투표,15207,8080,2604,5402,8006,74,7127
1100,서울특별시,양천구제2선거구,5111502,1115,양천구,신정7동,계,22139,12348,4965,7258,12223,125,9791
1100,서울특별시,양천구제2선거구,5111502,1115,양천구,신정7동,관내사전투표,2580,2579,1159,1371,2530,49,1
1100,서울특별시,양천구제2선거구,5111502,1115,양천구,신정7동,선거일투표,19559,9769,3806,5887,9693,76,9790
1100,서울특별시,양천구제2선거구,5111502,1115,양천구,잘못 투입·구분된 투표지,,0,19,8,9,17,2,-19
1100,서울특별시,양천구제3선거구,5111503,1115,양천구,합계,,77953,39366,19549,19172,38721,645,38587
1100,서울특별시,양천구제3선거구,5111503,1115,양천구,거소투표,,94,90,37,46,83,7,4
1100,서울특별시,양천구제3선거구,5111503,1115,양천구,관외사전투표,,4007,4004,2120,1802,3922,82,3
1100,서울특별시,양천구제3선거구,5111503,1115,양천구,신월1동,계,17683,7994,3862,4001,7863,131,9689
1100,서울특별시,양천구제3선거구,5111503,1115,양천구,신월1동,관내사전투표,2343,2343,1204,1103,2307,36,0
1100,서울특별시,양천구제3선거구,5111503,1115,양천구,신월1동,선거일투표,15340,5651,2658,2898,5556,95,9689
1100,서울특별시,양천구제3선거구,5111503,1115,양천구,신월3동,계,12550,5269,2545,2626,5171,98,7281
1100,서울특별시,양천구제3선거구,5111503,1115,양천구,신월3동,관내사전투표,2053,2052,1028,960,1988,64,1
1100,서울특별시,양천구제3선거구,5111503,1115,양천구,신월3동,선거일투표,10497,3217,1517,1666,3183,34,7280
1100,서울특별시,양천구제3선거구,5111503,1115,양천구,신월4동,계,14440,7461,3931,3434,7365,96,6979
1100,서울특별시,양천구제3선거구,5111503,1115,양천구,신월4동,관내사전투표,2770,2767,1503,1213,2716,51,3
1100,서울특별시,양천구제3선거구,5111503,1115,양천구,신월4동,선거일투표,11670,4694,2428,2221,4649,45,6976
1100,서울특별시,양천구제3선거구,5111503,1115,양천구,신월5동,계,12328,5923,2819,3032,5851,72,6405
1100,서울특별시,양천구제3선거구,5111503,1115,양천구,신월5동,관내사전투표,2630,2629,1304,1281,2585,44,1
1100,서울특별시,양천구제3선거구,5111503,1115,양천구,신월5동,선거일투표,9698,3294,1515,1751,3266,28,6404
1100,서울특별시,양천구제3선거구,5111503,1115,양천구,신월7동,계,16851,8614,4232,4224,8456,158,8237
1100,서울특별시,양천구제3선거구,5111503,1115,양천구,신월7동,관내사전투표,3043,3042,1564,1424,2988,54,1
1100,서울특별시,양천구제3선거구,5111503,1115,양천구,신월7동,선거일투표,13808,5572,2668,2800,5468,104,8236
1100,서울특별시,양천구제3선거구,5111503,1115,양천구,잘못 투입·구분된 투표지,,0,11,3,7,10,1,-11
1100,서울특별시,양천구제4선거구,5111504,1115,양천구,합계,,101514,55100,25869,27171,1204,54244,856,46414
1100,서울특별시,양천구제4선거구,5111504,1115,양천구,거소투표,,136,129,38,73,7,118,11,7
1100,서울특별시,양천구제4선거구,5111504,1115,양천구,관외사전투표,,8586,8575,4311,3892,185,8388,187,11
1100,서울특별시,양천구제4선거구,5111504,1115,양천구,신월2동,계,16062,7983,3637,4095,154,7886,97,8079
1100,서울특별시,양천구제4선거구,5111504,1115,양천구,신월2동,관내사전투표,2754,2754,1319,1354,44,2717,37,0
1100,서울특별시,양천구제4선거구,5111504,1115,양천구,신월2동,선거일투표,13308,5229,2318,2741,110,5169,60,8079
1100,서울특별시,양천구제4선거구,5111504,1115,양천구,신월6동,계,11413,6521,2933,3363,124,6420,101,4892
1100,서울특별시,양천구제4선거구,5111504,1115,양천구,신월6동,관내사전투표,2937,2937,1412,1403,54,2869,68,0
1100,서울특별시,양천구제4선거구,5111504,1115,양천구,신월6동,선거일투표,8476,3584,1521,1960,70,3551,33,4892
1100,서울특별시,양천구제4선거구,5111504,1115,양천구,신정3동,계,37547,19091,8854,9583,407,18844,247,18456
1100,서울특별시,양천구제4선거구,5111504,1115,양천구,신정3동,관내사전투표,3349,3348,1572,1669,53,3294,54,1
1100,서울특별시,양천구제4선거구,5111504,1115,양천구,신정3동,선거일투표,34198,15743,7282,7914,354,15550,193,18455
1100,서울특별시,양천구제4선거구,5111504,1115,양천구,신정4동,계,27770,12777,6081,6157,327,12565,212,14993
1100,서울특별시,양천구제4선거구,5111504,1115,양천구,신정4동,관내사전투표,3757,3745,1896,1660,72,3628,117,12
1100,서울특별시,양천구제4선거구,5111504,1115,양천구,신정4동,선거일투표,24013,9032,4185,4497,255,8937,95,14981
1100,서울특별시,양천구제4선거구,5111504,1115,양천구,잘못 투입·구분된 투표지,,0,24,15,8,0,23,1,-24
1100,서울특별시,강서구제1선거구,5111601,1116,강서구,합계,,86007,39020,20282,17775,38057,963,46987
1100,서울특별시,강서구제1선거구,5111601,1116,강서구,거소투표,,72,66,15,33,48,18,6
1100,서울특별시,강서구제1선거구,5111601,1116,강서구,관외사전투표,,5297,5292,3016,2136,5152,140,5
1100,서울특별시,강서구제1선거구,5111601,1116,강서구,화곡제1동,계,44226,17270,8625,8173,16798,472,26956
1100,서울특별시,강서구제1선거구,5111601,1116,강서구,화곡제1동,관내사전투표,5276,5272,2701,2378,5079,193,4
1100,서울특별시,강서구제1선거구,5111601,1116,강서구,화곡제1동,선거일투표,38950,11998,5924,5795,11719,279,26952
1100,서울특별시,강서구제1선거구,5111601,1116,강서구,화곡제2동,계,14779,6338,3252,2969,6221,117,8441
1100,서울특별시,강서구제1선거구,5111601,1116,강서구,화곡제2동,관내사전투표,2545,2544,1350,1122,2472,72,1
1100,서울특별시,강서구제1선거구,5111601,1116,강서구,화곡제2동,선거일투표,12234,3794,1902,1847,3749,45,8440
1100,서울특별시,강서구제1선거구,5111601,1116,강서구,화곡제8동,계,21633,10034,5366,4453,9819,215,11599
1100,서울특별시,강서구제1선거구,5111601,1116,강서구,화곡제8동,관내사전투표,4254,4247,2390,1720,4110,137,7
1100,서울특별시,강서구제1선거구,5111601,1116,강서구,화곡제8동,선거일투표,17379,5787,2976,2733,5709,78,11592
1100,서울특별시,강서구제1선거구,5111601,1116,강서구,잘못 투입·구분된 투표지,,0,20,8,11,19,1,-20
1100,서울특별시,강서구제2선거구,5111602,1116,강서구,합계,,83668,46364,21770,23783,45553,811,37304
1100,서울특별시,강서구제2선거구,5111602,1116,강서구,거소투표,,102,94,32,48,80,14,8
1100,서울특별시,강서구제2선거구,5111602,1116,강서구,관외사전투표,,6024,6012,3167,2735,5902,110,12
1100,서울특별시,강서구제2선거구,5111602,1116,강서구,화곡제3동,계,18046,9448,4046,5208,9254,194,8598
1100,서울특별시,강서구제2선거구,5111602,1116,강서구,화곡제3동,관내사전투표,2664,2663,1301,1305,2606,57,1
1100,서울특별시,강서구제2선거구,5111602,1116,강서구,화곡제3동,선거일투표,15382,6785,2745,3903,6648,137,8597
1100,서울특별시,강서구제2선거구,5111602,1116,강서구,우장산동,계,31547,16063,6981,8880,15861,202,15484
1100,서울특별시,강서구제2선거구,5111602,1116,강서구,우장산동,관내사전투표,3919,3914,1815,2061,3876,38,5
1100,서울특별시,강서구제2선거구,5111602,1116,강서구,우장산동,선거일투표,27628,12149,5166,6819,11985,164,15479
1100,서울특별시,강서구제2선거구,5111602,1116,강서구,발산제1동,계,27949,14728,7536,6902,14438,290,13221
1100,서울특별시,강서구제2선거구,5111602,1116,강서구,발산제1동,관내사전투표,4129,4124,2283,1764,4047,77,5
1100,서울특별시,강서구제2선거구,5111602,1116,강서구,발산제1동,선거일투표,23820,10604,5253,5138,10391,213,13216
1100,서울특별시,강서구제2선거구,5111602,1116,강서구,잘못 투입·구분된 투표지,,0,19,8,10,18,1,-19
1100,서울특별시,강서구제3선거구,5111603,1116,강서구,합계,,82462,42970,19834,22248,42082,888,39492
1100,서울특별시,강서구제3선거구,5111603,1116,강서구,거소투표,,106,100,51,41,92,8,6
1100,서울특별시,강서구제3선거구,5111603,1116,강서구,관외사전투표,,4871,4865,2490,2261,4751,114,6
1100,서울특별시,강서구제3선거구,5111603,1116,강서구,공항동,계,24112,10864,5089,5502,10591,273,13248
1100,서울특별시,강서구제3선거구,5111603,1116,강서구,공항동,관내사전투표,2819,2819,1409,1346,2755,64,0
1100,서울특별시,강서구제3선거구,5111603,1116,강서구,공항동,선거일투표,21293,8045,3680,4156,7836,209,13248
1100,서울특별시,강서구제3선거구,5111603,1116,강서구,방화제1동,계,33514,17612,8059,9227,17286,326,15902
1100,서울특별시,강서구제3선거구,5111603,1116,강서구,방화제1동,관내사전투표,5393,5392,2737,2586,5323,69,1
1100,서울특별시,강서구제3선거구,5111603,1116,강서구,방화제1동,선거일투표,28121,12220,5322,6641,11963,257,15901
1100,서울특별시,강서구제3선거구,5111603,1116,강서구,방화제2동,계,19859,9519,4143,5211,9354,165,10340
1100,서울특별시,강서구제3선거구,5111603,1116,강서구,방화제2동,관내사전투표,2607,2607,1249,1307,2556,51,0
1100,서울특별시,강서구제3선거구,5111603,1116,강서구,방화제2동,선거일투표,17252,6912,2894,3904,6798,114,10340
1100,서울특별시,강서구제3선거구,5111603,1116,강서구,잘못 투입·구분된 투표지,,0,10,2,6,8,2,-10
1100,서울특별시,강서구제4선거구,5111604,1116,강서구,합계,,92211,50016,22856,25893,48749,1267,42195
1100,서울특별시,강서구제4선거구,5111604,1116,강서구,거소투표,,150,135,43,68,111,24,15
1100,서울특별시,강서구제4선거구,5111604,1116,강서구,관외사전투표,,5591,5586,2850,2572,5422,164,5
1100,서울특별시,강서구제4선거구,5111604,1116,강서구,등촌제3동,계,26033,14023,6376,7271,13647,376,12010
1100,서울특별시,강서구제4선거구,5111604,1116,강서구,등촌제3동,관내사전투표,3877,3875,2035,1777,3812,63,2
1100,서울특별시,강서구제4선거구,5111604,1116,강서구,등촌제3동,선거일투표,22156,10148,4341,5494,9835,313,12008
1100,서울특별시,강서구제4선거구,5111604,1116,강서구,가양제1동,계,28128,12429,5814,6362,12176,253,15699
1100,서울특별시,강서구제4선거구,5111604,1116,강서구,가양제1동,관내사전투표,3160,3157,1564,1526,3090,67,3
1100,서울특별시,강서구제4선거구,5111604,1116,강서구,가양제1동,선거일투표,24968,9272,4250,4836,9086,186,15696
1100,서울특별시,강서구제4선거구,5111604,1116,강서구,가양제2동,계,13009,7361,3099,4042,7141,220,5648
1100,서울특별시,강서구제4선거구,5111604,1116,강서구,가양제2동,관내사전투표,2558,2555,1165,1332,2497,58,3
1100,서울특별시,강서구제4선거구,5111604,1116,강서구,가양제2동,선거일투표,10451,4806,1934,2710,4644,162,5645
1100,서울특별시,강서구제4선거구,5111604,1116,강서구,방화제3동,계,19300,10456,4665,5562,10227,229,8844
1100,서울특별시,강서구제4선거구,5111604,1116,강서구,방화제3동,관내사전투표,3519,3516,1733,1722,3455,61,3
1100,서울특별시,강서구제4선거구,5111604,1116,강서구,방화제3동,선거일투표,15781,6940,2932,3840,6772,168,8841
1100,서울특별시,강서구제4선거구,5111604,1116,강서구,잘못 투입·구분된 투표지,,0,26,9,16,25,1,-26
1100,서울특별시,강서구제5선거구,5111605,1116,강서구,합계,,70602,39130,18283,19933,38216,914,31472
1100,서울특별시,강서구제5선거구,5111605,1116,강서구,거소투표,,80,73,19,43,62,11,7
1100,서울특별시,강서구제5선거구,5111605,1116,강서구,관외사전투표,,4417,4414,2251,2070,4321,93,3
1100,서울특별시,강서구제5선거구,5111605,1116,강서구,염창동,계,31807,17604,8277,9031,17308,296,14203
1100,서울특별시,강서구제5선거구,5111605,1116,강서구,염창동,관내사전투표,5167,5161,2611,2483,5094,67,6
1100,서울특별시,강서구제5선거구,5111605,1116,강서구,염창동,선거일투표,26640,12443,5666,6548,12214,229,14197
1100,서울특별시,강서구제5선거구,5111605,1116,강서구,등촌제1동,계,20983,9692,4486,4966,9452,240,11291
1100,서울특별시,강서구제5선거구,5111605,1116,강서구,등촌제1동,관내사전투표,3572,3568,1771,1704,3475,93,4
1100,서울특별시,강서구제5선거구,5111605,1116,강서구,등촌제1동,선거일투표,17411,6124,2715,3262,5977,147,11287
1100,서울특별시,강서구제5선거구,5111605,1116,강서구,가양제3동,계,13315,7330,3242,3814,7056,274,5985
1100,서울특별시,강서구제5선거구,5111605,1116,강서구,가양제3동,관내사전투표,2567,2566,1307,1198,2505,61,1
1100,서울특별시,강서구제5선거구,5111605,1116,강서구,가양제3동,선거일투표,10748,4764,1935,2616,4551,213,5984
1100,서울특별시,강서구제5선거구,5111605,1116,강서구,잘못 투입·구분된 투표지,,0,17,8,9,17,0,-17
1100,서울특별시,강서구제6선거구,5111606,1116,강서구,합계,,89656,43388,20930,21503,42433,955,46268
1100,서울특별시,강서구제6선거구,5111606,1116,강서구,거소투표,,87,82,36,34,70,12,5
1100,서울특별시,강서구제6선거구,5111606,1116,강서구,관외사전투표,,5231,5229,2919,2191,5110,119,2
1100,서울특별시,강서구제6선거구,5111606,1116,강서구,등촌제2동,계,16697,8503,3696,4706,8402,101,8194
1100,서울특별시,강서구제6선거구,5111606,1116,강서구,등촌제2동,관내사전투표,3117,3116,1450,1637,3087,29,1
1100,서울특별시,강서구제6선거구,5111606,1116,강서구,등촌제2동,선거일투표,13580,5387,2246,3069,5315,72,8193
1100,서울특별시,강서구제6선거구,5111606,1116,강서구,화곡본동,계,28304,11344,5833,5257,11090,254,16960
1100,서울특별시,강서구제6선거구,5111606,1116,강서구,화곡본동,관내사전투표,3848,3848,2084,1666,3750,98,0
1100,서울특별시,강서구제6선거구,5111606,1116,강서구,화곡본동,선거일투표,24456,7496,3749,3591,7340,156,16960
1100,서울특별시,강서구제6선거구,5111606,1116,강서구,화곡제4동,계,17703,7861,3792,3925,7717,144,9842
1100,서울특별시,강서구제6선거구,5111606,1116,강서구,화곡제4동,관내사전투표,3194,3191,1693,1462,3155,36,3
1100,서울특별시,강서구제6선거구,5111606,1116,강서구,화곡제4동,선거일투표,14509,4670,2099,2463,4562,108,9839
1100,서울특별시,강서구제6선거구,5111606,1116,강서구,화곡제6동,계,21634,10355,4649,5385,10034,321,11279
1100,서울특별시,강서구제6선거구,5111606,1116,강서구,화곡제6동,관내사전투표,3493,3491,1802,1617,3419,72,2
1100,서울특별시,강서구제6선거구,5111606,1116,강서구,화곡제6동,선거일투표,18141,6864,2847,3768,6615,249,11277
1100,서울특별시,강서구제6선거구,5111606,1116,강서구,잘못 투입·구분된 투표지,,0,14,5,5,10,4,-14
1100,서울특별시,구로구제1선거구,5111701,1117,구로구,합계,,118401,64674,30059,33042,63101,1573,53727
1100,서울특별시,구로구제1선거구,5111701,1117,구로구,거소투표,,151,145,64,63,127,18,6
1100,서울특별시,구로구제1선거구,5111701,1117,구로구,관외사전투표,,6190,6183,3256,2760,6016,167,7
1100,서울특별시,구로구제1선거구,5111701,1117,구로구,고척제1동,계,18845,10009,4431,5299,9730,279,8836
1100,서울특별시,구로구제1선거구,5111701,1117,구로구,고척제1동,관내사전투표,3818,3815,1784,1865,3649,166,3
1100,서울특별시,구로구제1선거구,5111701,1117,구로구,고척제1동,선거일투표,15027,6194,2647,3434,6081,113,8833
1100,서울특별시,구로구제1선거구,5111701,1117,구로구,고척제2동,계,21679,11038,5077,5570,10647,391,10641
1100,서울특별시,구로구제1선거구,5111701,1117,구로구,고척제2동,관내사전투표,3217,3217,1609,1509,3118,99,0
1100,서울특별시,구로구제1선거구,5111701,1117,구로구,고척제2동,선거일투표,18462,7821,3468,4061,7529,292,10641
1100,서울특별시,구로구제1선거구,5111701,1117,구로구,개봉제1동,계,28311,14264,6558,7366,13924,340,14047
1100,서울특별시,구로구제1선거구,5111701,1117,구로구,개봉제1동,관내사전투표,4355,4346,2133,2120,4253,93,9
1100,서울특별시,구로구제1선거구,5111701,1117,구로구,개봉제1동,선거일투표,23956,9918,4425,5246,9671,247,14038
1100,서울특별시,구로구제1선거구,5111701,1117,구로구,개봉제2동,계,26040,14623,6711,7682,14393,230,11417
1100,서울특별시,구로구제1선거구,5111701,1117,구로구,개봉제2동,관내사전투표,4248,4246,2109,2053,4162,84,2
1100,서울특별시,구로구제1선거구,5111701,1117,구로구,개봉제2동,선거일투표,21792,10377,4602,5629,10231,146,11415
1100,서울특별시,구로구제1선거구,5111701,1117,구로구,개봉제3동,계,17185,8389,3949,4293,8242,147,8796
1100,서울특별시,구로구제1선거구,5111701,1117,구로구,개봉제3동,관내사전투표,3084,3081,1560,1469,3029,52,3
1100,서울특별시,구로구제1선거구,5111701,1117,구로구,개봉제3동,선거일투표,14101,5308,2389,2824,5213,95,8793
1100,서울특별시,구로구제1선거구,5111701,1117,구로구,잘못 투입·구분된 투표지,,0,23,13,9,22,1,-23
1100,서울특별시,구로구제2선거구,5111702,1117,구로구,합계,,86303,47334,23309,22870,46179,1155,38969
1100,서울특별시,구로구제2선거구,5111702,1117,구로구,거소투표,,114,108,48,51,99,9,6
1100,서울특별시,구로구제2선거구,5111702,1117,구로구,관외사전투표,,4827,4825,2700,1997,4697,128,2
1100,서울특별시,구로구제2선거구,5111702,1117,구로구,오류제1동,계,19864,9648,4581,4805,9386,262,10216
1100,서울특별시,구로구제2선거구,5111702,1117,구로구,오류제1동,관내사전투표,3535,3525,1852,1605,3457,68,10
1100,서울특별시,구로구제2선거구,5111702,1117,구로구,오류제1동,선거일투표,16329,6123,2729,3200,5929,194,10206
1100,서울특별시,구로구제2선거구,5111702,1117,구로구,오류제2동,계,29993,15614,7714,7520,15234,380,14379
1100,서울특별시,구로구제2선거구,5111702,1117,구로구,오류제2동,관내사전투표,4353,4348,2363,1809,4172,176,5
1100,서울특별시,구로구제2선거구,5111702,1117,구로구,오류제2동,선거일투표,25640,11266,5351,5711,11062,204,14374
1100,서울특별시,구로구제2선거구,5111702,1117,구로구,수궁동,계,19489,10415,4403,5715,10118,297,9074
1100,서울특별시,구로구제2선거구,5111702,1117,구로구,수궁동,관내사전투표,3089,3081,1539,1482,3021,60,8
1100,서울특별시,구로구제2선거구,5111702,1117,구로구,수궁동,선거일투표,16400,7334,2864,4233,7097,237,9066
1100,서울특별시,구로구제2선거구,5111702,1117,구로구,항동,계,12016,6696,3844,2775,6619,77,5320
1100,서울특별시,구로구제2선거구,5111702,1117,구로구,항동,관내사전투표,2379,2379,1459,895,2354,25,0
1100,서울특별시,구로구제2선거구,5111702,1117,구로구,항동,선거일투표,9637,4317,2385,1880,4265,52,5320
1100,서울특별시,구로구제2선거구,5111702,1117,구로구,잘못 투입·구분된 투표지,,0,28,19,7,26,2,-28
1100,서울특별시,구로구제3선거구,5111703,1117,구로구,합계,,98521,52529,25096,26180,51276,1253,45992
1100,서울특별시,구로구제3선거구,5111703,1117,구로구,거소투표,,91,84,38,38,76,8,7
1100,서울특별시,구로구제3선거구,5111703,1117,구로구,관외사전투표,,5976,5974,3068,2753,5821,153,2
1100,서울특별시,구로구제3선거구,5111703,1117,구로구,신도림동,계,28279,15972,7239,8433,15672,300,12307
1100,서울특별시,구로구제3선거구,5111703,1117,구로구,신도림동,관내사전투표,4404,4404,2199,2125,4324,80,0
1100,서울특별시,구로구제3선거구,5111703,1117,구로구,신도림동,선거일투표,23875,11568,5040,6308,11348,220,12307
1100,서울특별시,구로구제3선거구,5111703,1117,구로구,구로제1동,계,16650,9289,4556,4560,9116,173,7361
1100,서울특별시,구로구제3선거구,5111703,1117,구로구,구로제1동,관내사전투표,3678,3675,1955,1640,3595,80,3
1100,서울특별시,구로구제3선거구,5111703,1117,구로구,구로제1동,선거일투표,12972,5614,2601,2920,5521,93,7358
1100,서울특별시,구로구제3선거구,5111703,1117,구로구,구로제2동,계,21865,8879,4097,4485,8582,297,12986
1100,서울특별시,구로구제3선거구,5111703,1117,구로구,구로제2동,관내사전투표,2588,2565,1310,1183,2493,72,23
1100,서울특별시,구로구제3선거구,5111703,1117,구로구,구로제2동,선거일투표,19277,6314,2787,3302,6089,225,12963
1100,서울특별시,구로구제3선거구,5111703,1117,구로구,구로제5동,계,25660,12300,6092,5906,11998,302,13360
1100,서울특별시,구로구제3선거구,5111703,1117,구로구,구로제5동,관내사전투표,3243,3242,1768,1385,3153,89,1
1100,서울특별시,구로구제3선거구,5111703,1117,구로구,구로제5동,선거일투표,22417,9058,4324,4521,8845,213,13359
1100,서울특별시,구로구제3선거구,5111703,1117,구로구,잘못 투입·구분된 투표지,,0,31,6,5,11,20,-31
1100,서울특별시,구로구제4선거구,5111704,1117,구로구,합계,,50472,23521,11738,11177,22915,606,26951
1100,서울특별시,구로구제4선거구,5111704,1117,구로구,거소투표,,51,46,27,14,41,5,5
1100,서울특별시,구로구제4선거구,5111704,1117,구로구,관외사전투표,,3217,3216,1773,1359,3132,84,1
1100,서울특별시,구로구제4선거구,5111704,1117,구로구,구로제3동,계,20910,9610,5000,4423,9423,187,11300
1100,서울특별시,구로구제4선거구,5111704,1117,구로구,구로제3동,관내사전투표,3443,3439,1975,1413,3388,51,4
1100,서울특별시,구로구제4선거구,5111704,1117,구로구,구로제3동,선거일투표,17467,6171,3025,3010,6035,136,11296
1100,서울특별시,구로구제4선거구,5111704,1117,구로구,구로제4동,계,17546,7566,3539,3796,7335,231,9980
1100,서울특별시,구로구제4선거구,5111704,1117,구로구,구로제4동,관내사전투표,2073,2071,1012,943,1955,116,2
1100,서울특별시,구로구제4선거구,5111704,1117,구로구,구로제4동,선거일투표,15473,5495,2527,2853,5380,115,9978
1100,서울특별시,구로구제4선거구,5111704,1117,구로구,가리봉동,계,8748,3074,1396,1580,2976,98,5674
1100,서울특별시,구로구제4선거구,5111704,1117,구로구,가리봉동,관내사전투표,1119,1118,590,497,1087,31,1
1100,서울특별시,구로구제4선거구,5111704,1117,구로구,가리봉동,선거일투표,7629,1956,806,1083,1889,67,5673
1100,서울특별시,구로구제4선거구,5111704,1117,구로구,잘못 투입·구분된 투표지,,0,9,3,5,8,1,-9
1100,서울특별시,금천구제1선거구,5111801,1118,금천구,합계,,119258,55951,27715,26053,900,54668,1283,63307
1100,서울특별시,금천구제1선거구,5111801,1118,금천구,거소투표,,83,79,31,35,2,68,11,4
1100,서울특별시,금천구제1선거구,5111801,1118,금천구,관외사전투표,,7266,7263,3952,3046,112,7110,153,3
1100,서울특별시,금천구제1선거구,5111801,1118,금천구,가산동,계,22143,8601,4350,3912,164,8426,175,13542
1100,서울특별시,금천구제1선거구,5111801,1118,금천구,가산동,관내사전투표,2997,2991,1658,1187,54,2899,92,6
1100,서울특별시,금천구제1선거구,5111801,1118,금천구,가산동,선거일투표,19146,5610,2692,2725,110,5527,83,13536
1100,서울특별시,금천구제1선거구,5111801,1118,금천구,독산제1동,계,37524,17170,8088,8489,268,16845,325,20354
1100,서울특별시,금천구제1선거구,5111801,1118,금천구,독산제1동,관내사전투표,3204,3203,1638,1466,45,3149,54,1
1100,서울특별시,금천구제1선거구,5111801,1118,금천구,독산제1동,선거일투표,34320,13967,6450,7023,223,13696,271,20353
1100,서울특별시,금천구제1선거구,5111801,1118,금천구,독산제2동,계,16056,6687,3296,3106,101,6503,184,9369
1100,서울특별시,금천구제1선거구,5111801,1118,금천구,독산제2동,관내사전투표,2306,2306,1172,1018,27,2217,89,0
1100,서울특별시,금천구제1선거구,5111801,1118,금천구,독산제2동,선거일투표,13750,4381,2124,2088,74,4286,95,9369
1100,서울특별시,금천구제1선거구,5111801,1118,금천구,독산제3동,계,22271,9668,4820,4427,152,9399,269,12603
1100,서울특별시,금천구제1선거구,5111801,1118,금천구,독산제3동,관내사전투표,3546,3542,1876,1482,44,3402,140,4
1100,서울특별시,금천구제1선거구,5111801,1118,금천구,독산제3동,선거일투표,18725,6126,2944,2945,108,5997,129,12599
1100,서울특별시,금천구제1선거구,5111801,1118,금천구,독산제4동,계,13915,6459,3168,3024,101,6293,166,7456
1100,서울특별시,금천구제1선거구,5111801,1118,금천구,독산제4동,관내사전투표,2935,2932,1532,1280,40,2852,80,3
1100,서울특별시,금천구제1선거구,5111801,1118,금천구,독산제4동,선거일투표,10980,3527,1636,1744,61,3441,86,7453
1100,서울특별시,금천구제1선거구,5111801,1118,금천구,잘못 투입·구분된 투표지,,0,24,10,14,0,24,0,-24
1100,서울특별시,금천구제2선거구,5111802,1118,금천구,합계,,93621,49873,24834,23857,48691,1182,43748
1100,서울특별시,금천구제2선거구,5111802,1118,금천구,거소투표,,196,167,48,73,121,46,29
1100,서울특별시,금천구제2선거구,5111802,1118,금천구,관외사전투표,,5274,5273,2984,2162,5146,127,1
1100,서울특별시,금천구제2선거구,5111802,1118,금천구,시흥제1동,계,27745,12642,6089,6337,12426,216,15103
1100,서울특별시,금천구제2선거구,5111802,1118,금천구,시흥제1동,관내사전투표,4136,4127,2037,1984,4021,106,9
1100,서울특별시,금천구제2선거구,5111802,1118,금천구,시흥제1동,선거일투표,23609,8515,4052,4353,8405,110,15094
1100,서울특별시,금천구제2선거구,5111802,1118,금천구,시흥제2동,계,17055,9971,4956,4769,9725,246,7084
1100,서울특별시,금천구제2선거구,5111802,1118,금천구,시흥제2동,관내사전투표,3199,3191,1699,1382,3081,110,8
1100,서울특별시,금천구제2선거구,5111802,1118,금천구,시흥제2동,선거일투표,13856,6780,3257,3387,6644,136,7076
1100,서울특별시,금천구제2선거구,5111802,1118,금천구,시흥제3동,계,9385,5121,2522,2518,5040,81,4264
1100,서울특별시,금천구제2선거구,5111802,1118,금천구,시흥제3동,관내사전투표,2114,2114,1110,954,2064,50,0
1100,서울특별시,금천구제2선거구,5111802,1118,금천구,시흥제3동,선거일투표,7271,3007,1412,1564,2976,31,4264
1100,서울특별시,금천구제2선거구,5111802,1118,금천구,시흥제4동,계,17358,8202,4027,4045,8072,130,9156
1100,서울특별시,금천구제2선거구,5111802,1118,금천구,시흥제4동,관내사전투표,2827,2824,1471,1283,2754,70,3
1100,서울특별시,금천구제2선거구,5111802,1118,금천구,시흥제4동,선거일투표,14531,5378,2556,2762,5318,60,9153
1100,서울특별시,금천구제2선거구,5111802,1118,금천구,시흥제5동,계,16608,8470,4191,3945,8136,334,8138
1100,서울특별시,금천구제2선거구,5111802,1118,금천구,시흥제5동,관내사전투표,3659,3654,1859,1628,3487,167,5
1100,서울특별시,금천구제2선거구,5111802,1118,금천구,시흥제5동,선거일투표,12949,4816,2332,2317,4649,167,8133
1100,서울특별시,금천구제2선거구,5111802,1118,금천구,잘못 투입·구분된 투표지,,0,27,17,8,25,2,-27
1100,서울특별시,영등포구제1선거구,5111901,1119,영등포구,합계,,78250,42610,19694,22278,41972,638,35640
1100,서울특별시,영등포구제1선거구,5111901,1119,영등포구,거소투표,,78,73,34,28,62,11,5
1100,서울특별시,영등포구제1선거구,5111901,1119,영등포구,관외사전투표,,5460,5460,2754,2586,5340,120,0
1100,서울특별시,영등포구제1선거구,5111901,1119,영등포구,영등포본동,계,18210,9177,4124,4919,9043,134,9033
1100,서울특별시,영등포구제1선거구,5111901,1119,영등포구,영등포본동,관내사전투표,2699,2697,1285,1347,2632,65,2
1100,서울특별시,영등포구제1선거구,5111901,1119,영등포구,영등포본동,선거일투표,15511,6480,2839,3572,6411,69,9031
1100,서울특별시,영등포구제1선거구,5111901,1119,영등포구,도림동,계,15666,7167,3427,3605,7032,135,8499
1100,서울특별시,영등포구제1선거구,5111901,1119,영등포구,도림동,관내사전투표,2517,2514,1340,1106,2446,68,3
1100,서울특별시,영등포구제1선거구,5111901,1119,영등포구,도림동,선거일투표,13149,4653,2087,2499,4586,67,8496
1100,서울특별시,영등포구제1선거구,5111901,1119,영등포구,문래동,계,25236,14075,6471,7469,13940,135,11161
1100,서울특별시,영등포구제1선거구,5111901,1119,영등포구,문래동,관내사전투표,3508,3505,1757,1711,3468,37,3
1100,서울특별시,영등포구제1선거구,5111901,1119,영등포구,문래동,선거일투표,21728,10570,4714,5758,10472,98,11158
1100,서울특별시,영등포구제1선거구,5111901,1119,영등포구,신길제3동,계,13600,6648,2880,3668,6548,100,6952
1100,서울특별시,영등포구제1선거구,5111901,1119,영등포구,신길제3동,관내사전투표,1748,1746,821,876,1697,49,2
1100,서울특별시,영등포구제1선거구,5111901,1119,영등포구,신길제3동,선거일투표,11852,4902,2059,2792,4851,51,6950
1100,서울특별시,영등포구제1선거구,5111901,1119,영등포구,잘못 투입·구분된 투표지,,0,10,4,3,7,3,-10
1100,서울특별시,영등포구제2선거구,5111902,1119,영등포구,합계,,115494,60412,27540,31925,59465,947,55082
1100,서울특별시,영등포구제2선거구,5111902,1119,영등포구,거소투표,,99,92,38,44,82,10,7
1100,서울특별시,영등포구제2선거구,5111902,1119,영등포구,관외사전투표,,9715,9710,4963,4545,9508,202,5
1100,서울특별시,영등포구제2선거구,5111902,1119,영등포구,영등포동,계,24737,9572,4260,5180,9440,132,15165
1100,서울특별시,영등포구제2선거구,5111902,1119,영등포구,영등포동,관내사전투표,2383,2382,1212,1118,2330,52,1
1100,서울특별시,영등포구제2선거구,5111902,1119,영등포구,영등포동,선거일투표,22354,7190,3048,4062,7110,80,15164
1100,서울특별시,영등포구제2선거구,5111902,1119,영등포구,당산제1동,계,17170,8426,3740,4558,8298,128,8744
1100,서울특별시,영등포구제2선거구,5111902,1119,영등포구,당산제1동,관내사전투표,2515,2511,1194,1259,2453,58,4
1100,서울특별시,영등포구제2선거구,5111902,1119,영등포구,당산제1동,선거일투표,14655,5915,2546,3299,5845,70,8740
1100,서울특별시,영등포구제2선거구,5111902,1119,영등포구,당산제2동,계,30206,15793,6450,9123,15573,220,14413
1100,서울특별시,영등포구제2선거구,5111902,1119,영등포구,당산제2동,관내사전투표,4058,4054,1835,2135,3970,84,4
1100,서울특별시,영등포구제2선거구,5111902,1119,영등포구,당산제2동,선거일투표,26148,11739,4615,6988,11603,136,14409
1100,서울특별시,영등포구제2선거구,5111902,1119,영등포구,양평제1동,계,15415,7401,3551,3732,7283,118,8014
1100,서울특별시,영등포구제2선거구,5111902,1119,영등포구,양평제1동,관내사전투표,2700,2697,1424,1224,2648,49,3
1100,서울특별시,영등포구제2선거구,5111902,1119,영등포구,양평제1동,선거일투표,12715,4704,2127,2508,4635,69,8011
1100,서울특별시,영등포구제2선거구,5111902,1119,영등포구,양평제2동,계,18152,9395,4526,4735,9261,134,8757
1100,서울특별시,영등포구제2선거구,5111902,1119,영등포구,양평제2동,관내사전투표,2728,2728,1436,1235,2671,57,0
1100,서울특별시,영등포구제2선거구,5111902,1119,영등포구,양평제2동,선거일투표,15424,6667,3090,3500,6590,77,8757
1100,서울특별시,영등포구제2선거구,5111902,1119,영등포구,잘못 투입·구분된 투표지,,0,23,12,8,20,3,-23
1100,서울특별시,영등포구제3선거구,5111903,1119,영등포구,합계,,81575,45499,17142,27797,44939,560,36076
1100,서울특별시,영등포구제3선거구,5111903,1119,영등포구,거소투표,,102,97,28,48,76,21,5
1100,서울특별시,영등포구제3선거구,5111903,1119,영등포구,관외사전투표,,5544,5540,2503,2942,5445,95,4
1100,서울특별시,영등포구제3선거구,5111903,1119,영등포구,여의동,계,26360,15278,3763,11415,15178,100,11082
1100,서울특별시,영등포구제3선거구,5111903,1119,영등포구,여의동,관내사전투표,3959,3954,1168,2750,3918,36,5
1100,서울특별시,영등포구제3선거구,5111903,1119,영등포구,여의동,선거일투표,22401,11324,2595,8665,11260,64,11077
1100,서울특별시,영등포구제3선거구,5111903,1119,영등포구,신길제1동,계,15293,6545,3079,3343,6422,123,8748
1100,서울특별시,영등포구제3선거구,5111903,1119,영등포구,신길제1동,관내사전투표,1997,1996,1043,894,1937,59,1
1100,서울특별시,영등포구제3선거구,5111903,1119,영등포구,신길제1동,선거일투표,13296,4549,2036,2449,4485,64,8747
1100,서울특별시,영등포구제3선거구,5111903,1119,영등포구,신길제4동,계,10437,5501,2540,2877,5417,84,4936
1100,서울특별시,영등포구제3선거구,5111903,1119,영등포구,신길제4동,관내사전투표,1677,1673,877,753,1630,43,4
1100,서울특별시,영등포구제3선거구,5111903,1119,영등포구,신길제4동,선거일투표,8760,3828,1663,2124,3787,41,4932
1100,서울특별시,영등포구제3선거구,5111903,1119,영등포구,신길제5동,계,8952,4429,2034,2323,4357,72,4523
1100,서울특별시,영등포구제3선거구,5111903,1119,영등포구,신길제5동,관내사전투표,1567,1565,769,750,1519,46,2
1100,서울특별시,영등포구제3선거구,5111903,1119,영등포구,신길제5동,선거일투표,7385,2864,1265,1573,2838,26,4521
1100,서울특별시,영등포구제3선거구,5111903,1119,영등포구,신길제7동,계,14887,8096,3189,4842,8031,65,6791
1100,서울특별시,영등포구제3선거구,5111903,1119,영등포구,신길제7동,관내사전투표,1976,1976,823,1147,1970,6,0
1100,서울특별시,영등포구제3선거구,5111903,1119,영등포구,신길제7동,선거일투표,12911,6120,2366,3695,6061,59,6791
1100,서울특별시,영등포구제3선거구,5111903,1119,영등포구,잘못 투입·구분된 투표지,,0,13,6,7,13,0,-13
1100,서울특별시,영등포구제4선거구,5111904,1119,영등포구,합계,,64698,32554,15731,16203,31934,620,32144
1100,서울특별시,영등포구제4선거구,5111904,1119,영등포구,거소투표,,69,66,24,25,49,17,3
1100,서울특별시,영등포구제4선거구,5111904,1119,영등포구,관외사전투표,,4000,3997,2146,1757,3903,94,3
1100,서울특별시,영등포구제4선거구,5111904,1119,영등포구,신길제6동,계,15659,7627,3407,4087,7494,133,8032
1100,서울특별시,영등포구제4선거구,5111904,1119,영등포구,신길제6동,관내사전투표,2359,2356,1141,1147,2288,68,3
1100,서울특별시,영등포구제4선거구,5111904,1119,영등포구,신길제6동,선거일투표,13300,5271,2266,2940,5206,65,8029
1100,서울특별시,영등포구제4선거구,5111904,1119,영등포구,대림제1동,계,13172,6402,3116,3188,6304,98,6770
1100,서울특별시,영등포구제4선거구,5111904,1119,영등포구,대림제1동,관내사전투표,2731,2730,1419,1261,2680,50,1
1100,서울특별시,영등포구제4선거구,5111904,1119,영등포구,대림제1동,선거일투표,10441,3672,1697,1927,3624,48,6769
1100,서울특별시,영등포구제4선거구,5111904,1119,영등포구,대림제2동,계,12423,5043,2508,2428,4936,107,7380
1100,서울특별시,영등포구제4선거구,5111904,1119,영등포구,대림제2동,관내사전투표,1799,1798,997,743,1740,58,1
1100,서울특별시,영등포구제4선거구,5111904,1119,영등포구,대림제2동,선거일투표,10624,3245,1511,1685,3196,49,7379
1100,서울특별시,영등포구제4선거구,5111904,1119,영등포구,대림제3동,계,19375,9408,4523,4714,9237,171,9967
1100,서울특별시,영등포구제4선거구,5111904,1119,영등포구,대림제3동,관내사전투표,2645,2642,1414,1147,2561,81,3
1100,서울특별시,영등포구제4선거구,5111904,1119,영등포구,대림제3동,선거일투표,16730,6766,3109,3567,6676,90,9964
1100,서울특별시,영등포구제4선거구,5111904,1119,영등포구,잘못 투입·구분된 투표지,,0,11,7,4,11,0,-11
1100,서울특별시,동작구제1선거구,5112001,1120,동작구,합계,,88872,46874,21225,24938,46163,711,41998
1100,서울특별시,동작구제1선거구,5112001,1120,동작구,거소투표,,94,89,34,42,76,13,5
1100,서울특별시,동작구제1선거구,5112001,1120,동작구,관외사전투표,,8037,8034,4055,3815,7870,164,3
1100,서울특별시,동작구제1선거구,5112001,1120,동작구,노량진제1동,계,25686,12610,5320,7164,12484,126,13076
1100,서울특별시,동작구제1선거구,5112001,1120,동작구,노량진제1동,관내사전투표,2729,2727,1290,1395,2685,42,2
1100,서울특별시,동작구제1선거구,5112001,1120,동작구,노량진제1동,선거일투표,22957,9883,4030,5769,9799,84,13074
1100,서울특별시,동작구제1선거구,5112001,1120,동작구,노량진제2동,계,10300,4874,2197,2597,4794,80,5426
1100,서울특별시,동작구제1선거구,5112001,1120,동작구,노량진제2동,관내사전투표,2225,2224,1098,1080,2178,46,1
1100,서울특별시,동작구제1선거구,5112001,1120,동작구,노량진제2동,선거일투표,8075,2650,1099,1517,2616,34,5425
1100,서울특별시,동작구제1선거구,5112001,1120,동작구,상도제2동,계,21761,10981,4633,6228,10861,120,10780
1100,서울특별시,동작구제1선거구,5112001,1120,동작구,상도제2동,관내사전투표,3777,3777,1763,1958,3721,56,0
1100,서울특별시,동작구제1선거구,5112001,1120,동작구,상도제2동,선거일투표,17984,7204,2870,4270,7140,64,10780
1100,서울특별시,동작구제1선거구,5112001,1120,동작구,상도제4동,계,22994,10275,4979,5088,10067,208,12719
1100,서울특별시,동작구제1선거구,5112001,1120,동작구,상도제4동,관내사전투표,3864,3863,1926,1805,3731,132,1
1100,서울특별시,동작구제1선거구,5112001,1120,동작구,상도제4동,선거일투표,19130,6412,3053,3283,6336,76,12718
1100,서울특별시,동작구제1선거구,5112001,1120,동작구,잘못 투입·구분된 투표지,,0,11,7,4,11,0,-11
1100,서울특별시,동작구제2선거구,5112002,1120,동작구,합계,,94596,51410,24246,26311,50557,853,43186
1100,서울특별시,동작구제2선거구,5112002,1120,동작구,거소투표,,118,109,38,48,86,23,9
1100,서울특별시,동작구제2선거구,5112002,1120,동작구,관외사전투표,,7547,7546,3944,3442,7386,160,1
1100,서울특별시,동작구제2선거구,5112002,1120,동작구,상도제3동,계,21361,10689,5390,5059,10449,240,10672
1100,서울특별시,동작구제2선거구,5112002,1120,동작구,상도제3동,관내사전투표,4312,4307,2267,1926,4193,114,5
1100,서울특별시,동작구제2선거구,5112002,1120,동작구,상도제3동,선거일투표,17049,6382,3123,3133,6256,126,10667
1100,서울특별시,동작구제2선거구,5112002,1120,동작구,대방동,계,29282,14513,6728,7600,14328,185,14769
1100,서울특별시,동작구제2선거구,5112002,1120,동작구,대방동,관내사전투표,4224,4221,2092,2067,4159,62,3
1100,서울특별시,동작구제2선거구,5112002,1120,동작구,대방동,선거일투표,25058,10292,4636,5533,10169,123,14766
1100,서울특별시,동작구제2선거구,5112002,1120,동작구,신대방제1동,계,18847,9809,4121,5554,9675,134,9038
1100,서울특별시,동작구제2선거구,5112002,1120,동작구,신대방제1동,관내사전투표,3087,3085,1414,1609,3023,62,2
1100,서울특별시,동작구제2선거구,5112002,1120,동작구,신대방제1동,선거일투표,15760,6724,2707,3945,6652,72,9036
1100,서울특별시,동작구제2선거구,5112002,1120,동작구,신대방제2동,계,17441,8727,4014,4602,8616,111,8714
1100,서울특별시,동작구제2선거구,5112002,1120,동작구,신대방제2동,관내사전투표,2679,2678,1383,1250,2633,45,1
1100,서울특별시,동작구제2선거구,5112002,1120,동작구,신대방제2동,선거일투표,14762,6049,2631,3352,5983,66,8713
1100,서울특별시,동작구제2선거구,5112002,1120,동작구,잘못 투입·구분된 투표지,,0,17,11,6,17,0,-17
1100,서울특별시,동작구제3선거구,5112003,1120,동작구,합계,,86555,47983,21832,25491,47323,660,38572
1100,서울특별시,동작구제3선거구,5112003,1120,동작구,거소투표,,83,75,18,37,55,20,8
1100,서울특별시,동작구제3선거구,5112003,1120,동작구,관외사전투표,,6968,6967,3583,3258,6841,126,1
1100,서울특별시,동작구제3선거구,5112003,1120,동작구,상도제1동,계,36493,18534,7974,10303,18277,257,17959
1100,서울특별시,동작구제3선거구,5112003,1120,동작구,상도제1동,관내사전투표,5681,5678,2574,2988,5562,116,3
1100,서울특별시,동작구제3선거구,5112003,1120,동작구,상도제1동,선거일투표,30812,12856,5400,7315,12715,141,17956
1100,서울특별시,동작구제3선거구,5112003,1120,동작구,사당제3동,계,18752,9743,4011,5635,9646,97,9009
1100,서울특별시,동작구제3선거구,5112003,1120,동작구,사당제3동,관내사전투표,2311,2311,1014,1270,2284,27,0
1100,서울특별시,동작구제3선거구,5112003,1120,동작구,사당제3동,선거일투표,16441,7432,2997,4365,7362,70,9009
1100,서울특별시,동작구제3선거구,5112003,1120,동작구,사당제4동,계,12333,6430,3316,3049,6365,65,5903
1100,서울특별시,동작구제3선거구,5112003,1120,동작구,사당제4동,관내사전투표,2638,2635,1468,1141,2609,26,3
1100,서울특별시,동작구제3선거구,5112003,1120,동작구,사당제4동,선거일투표,9695,3795,1848,1908,3756,39,5900
1100,서울특별시,동작구제3선거구,5112003,1120,동작구,사당제5동,계,11926,6223,2927,3204,6131,92,5703
1100,서울특별시,동작구제3선거구,5112003,1120,동작구,사당제5동,관내사전투표,2268,2266,1157,1051,2208,58,2
1100,서울특별시,동작구제3선거구,5112003,1120,동작구,사당제5동,선거일투표,9658,3957,1770,2153,3923,34,5701
1100,서울특별시,동작구제3선거구,5112003,1120,동작구,잘못 투입·구분된 투표지,,0,11,3,5,8,3,-11
1100,서울특별시,동작구제4선거구,5112004,1120,동작구,합계,,74257,41087,17349,23057,40406,681,33170
1100,서울특별시,동작구제4선거구,5112004,1120,동작구,거소투표,,75,69,22,35,57,12,6
1100,서울특별시,동작구제4선거구,5112004,1120,동작구,관외사전투표,,5103,5100,2457,2537,4994,106,3
1100,서울특별시,동작구제4선거구,5112004,1120,동작구,흑석동,계,25726,13679,5011,8471,13482,197,12047
1100,서울특별시,동작구제4선거구,5112004,1120,동작구,흑석동,관내사전투표,4555,4553,1777,2682,4459,94,2
1100,서울특별시,동작구제4선거구,5112004,1120,동작구,흑석동,선거일투표,21171,9126,3234,5789,9023,103,12045
1100,서울특별시,동작구제4선거구,5112004,1120,동작구,사당제1동,계,19743,9099,4513,4432,8945,154,10644
1100,서울특별시,동작구제4선거구,5112004,1120,동작구,사당제1동,관내사전투표,2710,2707,1432,1205,2637,70,3
1100,서울특별시,동작구제4선거구,5112004,1120,동작구,사당제1동,선거일투표,17033,6392,3081,3227,6308,84,10641
1100,서울특별시,동작구제4선거구,5112004,1120,동작구,사당제2동,계,23610,13127,5342,7576,12918,209,10483
1100,서울특별시,동작구제4선거구,5112004,1120,동작구,사당제2동,관내사전투표,5095,5093,2356,2618,4974,119,2
1100,서울특별시,동작구제4선거구,5112004,1120,동작구,사당제2동,선거일투표,18515,8034,2986,4958,7944,90,10481
1100,서울특별시,동작구제4선거구,5112004,1120,동작구,잘못 투입·구분된 투표지,,0,13,4,6,10,3,-13
1100,서울특별시,관악구제1선거구,5112101,1121,관악구,합계,,122266,58926,30603,25175,1531,57309,1617,63340
1100,서울특별시,관악구제1선거구,5112101,1121,관악구,거소투표,,103,92,42,43,1,86,6,11
1100,서울특별시,관악구제1선거구,5112101,1121,관악구,관외사전투표,,7678,7674,4323,2923,244,7490,184,4
1100,서울특별시,관악구제1선거구,5112101,1121,관악구,보라매동,계,21094,9852,4939,4374,264,9577,275,11242
1100,서울특별시,관악구제1선거구,5112101,1121,관악구,보라매동,관내사전투표,3018,3018,1717,1154,69,2940,78,0
1100,서울특별시,관악구제1선거구,5112101,1121,관악구,보라매동,선거일투표,18076,6834,3222,3220,195,6637,197,11242
1100,서울특별시,관악구제1선거구,5112101,1121,관악구,은천동,계,27315,13806,7199,5874,313,13386,420,13509
1100,서울특별시,관악구제1선거구,5112101,1121,관악구,은천동,관내사전투표,4841,4841,2758,1842,88,4688,153,0
1100,서울특별시,관악구제1선거구,5112101,1121,관악구,은천동,선거일투표,22474,8965,4441,4032,225,8698,267,13509
1100,서울특별시,관악구제1선거구,5112101,1121,관악구,중앙동,계,13663,6046,3168,2587,142,5897,149,7617
1100,서울특별시,관악구제1선거구,5112101,1121,관악구,중앙동,관내사전투표,2418,2418,1401,901,43,2345,73,0
1100,서울특별시,관악구제1선거구,5112101,1121,관악구,중앙동,선거일투표,11245,3628,1767,1686,99,3552,76,7617
1100,서울특별시,관악구제1선거구,5112101,1121,관악구,청룡동,계,31041,14075,7084,6309,317,13710,365,16966
1100,서울특별시,관악구제1선거구,5112101,1121,관악구,청룡동,관내사전투표,3985,3980,2208,1609,76,3893,87,5
1100,서울특별시,관악구제1선거구,5112101,1121,관악구,청룡동,선거일투표,27056,10095,4876,4700,241,9817,278,16961
1100,서울특별시,관악구제1선거구,5112101,1121,관악구,신림동,계,21372,7369,3841,3060,250,7151,218,14003
1100,서울특별시,관악구제1선거구,5112101,1121,관악구,신림동,관내사전투표,2886,2884,1663,1074,77,2814,70,2
1100,서울특별시,관악구제1선거구,5112101,1121,관악구,신림동,선거일투표,18486,4485,2178,1986,173,4337,148,14001
1100,서울특별시,관악구제1선거구,5112101,1121,관악구,잘못 투입·구분된 투표지,,0,12,7,5,0,12,0,-12
1100,서울특별시,관악구제2선거구,5112102,1121,관악구,합계,,121932,65342,32692,31017,63709,1633,56590
1100,서울특별시,관악구제2선거구,5112102,1121,관악구,거소투표,,127,121,56,54,110,11,6
1100,서울특별시,관악구제2선거구,5112102,1121,관악구,관외사전투표,,8033,8030,4358,3474,7832,198,3
1100,서울특별시,관악구제2선거구,5112102,1121,관악구,성현동,계,23228,12613,6012,6230,12242,371,10615
1100,서울특별시,관악구제2선거구,5112102,1121,관악구,성현동,관내사전투표,3172,3170,1666,1431,3097,73,2
1100,서울특별시,관악구제2선거구,5112102,1121,관악구,성현동,선거일투표,20056,9443,4346,4799,9145,298,10613
1100,서울특별시,관악구제2선거구,5112102,1121,관악구,청림동,계,12441,7357,3496,3712,7208,149,5084
1100,서울특별시,관악구제2선거구,5112102,1121,관악구,청림동,관내사전투표,2440,2438,1273,1109,2382,56,2
1100,서울특별시,관악구제2선거구,5112102,1121,관악구,청림동,선거일투표,10001,4919,2223,2603,4826,93,5082
1100,서울특별시,관악구제2선거구,5112102,1121,관악구,행운동,계,25211,11923,5991,5555,11546,377,13288
1100,서울특별시,관악구제2선거구,5112102,1121,관악구,행운동,관내사전투표,3590,3588,2017,1489,3506,82,2
1100,서울특별시,관악구제2선거구,5112102,1121,관악구,행운동,선거일투표,21621,8335,3974,4066,8040,295,13286
1100,서울특별시,관악구제2선거구,5112102,1121,관악구,낙성대동,계,14581,6492,3268,3042,6310,182,8089
1100,서울특별시,관악구제2선거구,5112102,1121,관악구,낙성대동,관내사전투표,2167,2167,1188,910,2098,69,0
1100,서울특별시,관악구제2선거구,5112102,1121,관악구,낙성대동,선거일투표,12414,4325,2080,2132,4212,113,8089
1100,서울특별시,관악구제2선거구,5112102,1121,관악구,인헌동,계,22670,11199,5875,5112,10987,212,11471
1100,서울특별시,관악구제2선거구,5112102,1121,관악구,인헌동,관내사전투표,4682,4680,2621,1960,4581,99,2
1100,서울특별시,관악구제2선거구,5112102,1121,관악구,인헌동,선거일투표,17988,6519,3254,3152,6406,113,11469
1100,서울특별시,관악구제2선거구,5112102,1121,관악구,남현동,계,15641,7596,3630,3834,7464,132,8045
1100,서울특별시,관악구제2선거구,5112102,1121,관악구,남현동,관내사전투표,2887,2886,1540,1308,2848,38,1
1100,서울특별시,관악구제2선거구,5112102,1121,관악구,남현동,선거일투표,12754,4710,2090,2526,4616,94,8044
1100,서울특별시,관악구제2선거구,5112102,1121,관악구,잘못 투입·구분된 투표지,,0,11,6,4,10,1,-11
1100,서울특별시,관악구제3선거구,5112103,1121,관악구,합계,,103698,51635,25682,24456,50138,1497,52063
1100,서울특별시,관악구제3선거구,5112103,1121,관악구,거소투표,,116,107,45,48,93,14,9
1100,서울특별시,관악구제3선거구,5112103,1121,관악구,관외사전투표,,5797,5789,3250,2363,5613,176,8
1100,서울특별시,관악구제3선거구,5112103,1121,관악구,신사동,계,20846,8696,4378,3949,8327,369,12150
1100,서울특별시,관악구제3선거구,5112103,1121,관악구,신사동,관내사전투표,3431,3429,1890,1384,3274,155,2
1100,서울특별시,관악구제3선거구,5112103,1121,관악구,신사동,선거일투표,17415,5267,2488,2565,5053,214,12148
1100,서울특별시,관악구제3선거구,5112103,1121,관악구,조원동,계,15972,7193,3614,3330,6944,249,8779
1100,서울특별시,관악구제3선거구,5112103,1121,관악구,조원동,관내사전투표,2888,2888,1547,1219,2766,122,0
1100,서울특별시,관악구제3선거구,5112103,1121,관악구,조원동,선거일투표,13084,4305,2067,2111,4178,127,8779
1100,서울특별시,관악구제3선거구,5112103,1121,관악구,미성동,계,25913,12798,5874,6613,12487,311,13115
1100,서울특별시,관악구제3선거구,5112103,1121,관악구,미성동,관내사전투표,3856,3854,1947,1842,3789,65,2
1100,서울특별시,관악구제3선거구,5112103,1121,관악구,미성동,선거일투표,22057,8944,3927,4771,8698,246,13113
1100,서울특별시,관악구제3선거구,5112103,1121,관악구,난곡동,계,22708,10475,5214,5016,10230,245,12233
1100,서울특별시,관악구제3선거구,5112103,1121,관악구,난곡동,관내사전투표,3523,3520,1890,1536,3426,94,3
1100,서울특별시,관악구제3선거구,5112103,1121,관악구,난곡동,선거일투표,19185,6955,3324,3480,6804,151,12230
1100,서울특별시,관악구제3선거구,5112103,1121,관악구,난향동,계,12346,6564,3300,3133,6433,131,5782
1100,서울특별시,관악구제3선거구,5112103,1121,관악구,난향동,관내사전투표,2442,2441,1269,1098,2367,74,1
1100,서울특별시,관악구제3선거구,5112103,1121,관악구,난향동,선거일투표,9904,4123,2031,2035,4066,57,5781
1100,서울특별시,관악구제3선거구,5112103,1121,관악구,잘못 투입·구분된 투표지,,0,13,7,4,11,2,-13
1100,서울특별시,관악구제4선거구,5112104,1121,관악구,합계,,102284,50850,26224,23361,49585,1265,51434
1100,서울특별시,관악구제4선거구,5112104,1121,관악구,거소투표,,105,94,50,33,83,11,11
1100,서울특별시,관악구제4선거구,5112104,1121,관악구,관외사전투표,,6995,6991,3949,2883,6832,159,4
1100,서울특별시,관악구제4선거구,5112104,1121,관악구,서원동,계,20498,8449,4344,3880,8224,225,12049
1100,서울특별시,관악구제4선거구,5112104,1121,관악구,서원동,관내사전투표,3117,3114,1723,1304,3027,87,3
1100,서울특별시,관악구제4선거구,5112104,1121,관악구,서원동,선거일투표,17381,5335,2621,2576,5197,138,12046
1100,서울특별시,관악구제4선거구,5112104,1121,관악구,신원동,계,16244,7136,3645,3306,6951,185,9108
1100,서울특별시,관악구제4선거구,5112104,1121,관악구,신원동,관내사전투표,3105,3104,1708,1299,3007,97,1
1100,서울특별시,관악구제4선거구,5112104,1121,관악구,신원동,선거일투표,13139,4032,1937,2007,3944,88,9107
1100,서울특별시,관악구제4선거구,5112104,1121,관악구,서림동,계,19542,8638,4301,4168,8469,169,10904
1100,서울특별시,관악구제4선거구,5112104,1121,관악구,서림동,관내사전투표,1932,1932,1095,795,1890,42,0
1100,서울특별시,관악구제4선거구,5112104,1121,관악구,서림동,선거일투표,17610,6706,3206,3373,6579,127,10904
1100,서울특별시,관악구제4선거구,5112104,1121,관악구,삼성동,계,18289,10232,5226,4666,9892,340,8057
1100,서울특별시,관악구제4선거구,5112104,1121,관악구,삼성동,관내사전투표,3556,3553,1995,1465,3460,93,3
1100,서울특별시,관악구제4선거구,5112104,1121,관악구,삼성동,선거일투표,14733,6679,3231,3201,6432,247,8054
1100,서울특별시,관악구제4선거구,5112104,1121,관악구,대학동,계,20611,9300,4705,4419,9124,176,11311
1100,서울특별시,관악구제4선거구,5112104,1121,관악구,대학동,관내사전투표,3619,3619,2019,1536,3555,64,0
1100,서울특별시,관악구제4선거구,5112104,1121,관악구,대학동,선거일투표,16992,5681,2686,2883,5569,112,11311
1100,서울특별시,관악구제4선거구,5112104,1121,관악구,잘못 투입·구분된 투표지,,0,10,4,6,10,0,-10
1100,서울특별시,서초구제1선거구,5112201,1122,서초구,합계,,83558,45957,10935,34176,45111,846,37601
1100,서울특별시,서초구제1선거구,5112201,1122,서초구,거소투표,,66,65,10,44,54,11,1
1100,서울특별시,서초구제1선거구,5112201,1122,서초구,관외사전투표,,4719,4700,1539,3050,4589,111,19
1100,서울특별시,서초구제1선거구,5112201,1122,서초구,잠원동,계,20664,10941,2564,8209,10773,168,9723
1100,서울특별시,서초구제1선거구,5112201,1122,서초구,잠원동,관내사전투표,2928,2928,790,2077,2867,61,0
1100,서울특별시,서초구제1선거구,5112201,1122,서초구,잠원동,선거일투표,17736,8013,1774,6132,7906,107,9723
1100,서울특별시,서초구제1선거구,5112201,1122,서초구,반포1동,계,26603,12538,3060,9310,12370,168,14065
1100,서울특별시,서초구제1선거구,5112201,1122,서초구,반포1동,관내사전투표,3232,3230,876,2309,3185,45,2
1100,서울특별시,서초구제1선거구,5112201,1122,서초구,반포1동,선거일투표,23371,9308,2184,7001,9185,123,14063
1100,서울특별시,서초구제1선거구,5112201,1122,서초구,반포3동,계,16952,10033,1865,7939,9804,229,6919
1100,서울특별시,서초구제1선거구,5112201,1122,서초구,반포3동,관내사전투표,3076,3074,618,2404,3022,52,2
1100,서울특별시,서초구제1선거구,5112201,1122,서초구,반포3동,선거일투표,13876,6959,1247,5535,6782,177,6917
1100,서울특별시,서초구제1선거구,5112201,1122,서초구,반포4동,계,14554,7650,1889,5606,7495,155,6904
1100,서울특별시,서초구제1선거구,5112201,1122,서초구,반포4동,관내사전투표,1918,1917,540,1336,1876,41,1
1100,서울특별시,서초구제1선거구,5112201,1122,서초구,반포4동,선거일투표,12636,5733,1349,4270,5619,114,6903
1100,서울특별시,서초구제1선거구,5112201,1122,서초구,잘못 투입·구분된 투표지,,0,30,8,18,26,4,-30
1100,서울특별시,서초구제2선거구,5112202,1122,서초구,합계,,63764,36640,11120,24951,36071,569,27124
1100,서울특별시,서초구제2선거구,5112202,1122,서초구,거소투표,,53,49,13,31,44,5,4
1100,서울특별시,서초구제2선거구,5112202,1122,서초구,관외사전투표,,3672,3663,1441,2148,3589,74,9
1100,서울특별시,서초구제2선거구,5112202,1122,서초구,반포본동,계,570,235,73,160,233,2,335
1100,서울특별시,서초구제2선거구,5112202,1122,서초구,반포본동,관내사전투표,183,183,63,119,182,1,0
1100,서울특별시,서초구제2선거구,5112202,1122,서초구,반포본동,선거일투표,387,52,10,41,51,1,335
1100,서울특별시,서초구제2선거구,5112202,1122,서초구,반포2동,계,11159,6768,1136,5572,6708,60,4391
1100,서울특별시,서초구제2선거구,5112202,1122,서초구,반포2동,관내사전투표,1628,1628,359,1259,1618,10,0
1100,서울특별시,서초구제2선거구,5112202,1122,서초구,반포2동,선거일투표,9531,5140,777,4313,5090,50,4391
1100,서울특별시,서초구제2선거구,5112202,1122,서초구,방배본동,계,16323,9068,2642,6265,8907,161,7255
1100,서울특별시,서초구제2선거구,5112202,1122,서초구,방배본동,관내사전투표,2807,2807,951,1818,2769,38,0
1100,서울특별시,서초구제2선거구,5112202,1122,서초구,방배본동,선거일투표,13516,6261,1691,4447,6138,123,7255
1100,서울특별시,서초구제2선거구,5112202,1122,서초구,방배1동,계,13603,7265,2529,4625,7154,111,6338
1100,서울특별시,서초구제2선거구,5112202,1122,서초구,방배1동,관내사전투표,2232,2231,899,1291,2190,41,1
1100,서울특별시,서초구제2선거구,5112202,1122,서초구,방배1동,선거일투표,11371,5034,1630,3334,4964,70,6337
1100,서울특별시,서초구제2선거구,5112202,1122,서초구,방배4동,계,18384,9582,3281,6146,9427,155,8802
1100,서울특별시,서초구제2선거구,5112202,1122,서초구,방배4동,관내사전투표,2886,2886,1146,1692,2838,48,0
1100,서울특별시,서초구제2선거구,5112202,1122,서초구,방배4동,선거일투표,15498,6696,2135,4454,6589,107,8802
1100,서울특별시,서초구제2선거구,5112202,1122,서초구,잘못 투입·구분된 투표지,,0,10,5,4,9,1,-10
1100,서울특별시,서초구제3선거구,5112203,1122,서초구,합계,,78716,44159,13507,30094,43601,558,34557
1100,서울특별시,서초구제3선거구,5112203,1122,서초구,거소투표,,63,58,13,39,52,6,5
1100,서울특별시,서초구제3선거구,5112203,1122,서초구,관외사전투표,,5060,5053,1997,2956,4953,100,7
1100,서울특별시,서초구제3선거구,5112203,1122,서초구,서초1동,계,16805,8639,2530,5987,8517,122,8166
1100,서울특별시,서초구제3선거구,5112203,1122,서초구,서초1동,관내사전투표,2659,2657,922,1699,2621,36,2
1100,서울특별시,서초구제3선거구,5112203,1122,서초구,서초1동,선거일투표,14146,5982,1608,4288,5896,86,8164
1100,서울특별시,서초구제3선거구,5112203,1122,서초구,서초3동,계,26636,13399,3772,9478,13250,149,13237
1100,서울특별시,서초구제3선거구,5112203,1122,서초구,서초3동,관내사전투표,3545,3545,1174,2322,3496,49,0
1100,서울특별시,서초구제3선거구,5112203,1122,서초구,서초3동,선거일투표,23091,9854,2598,7156,9754,100,13237
1100,서울특별시,서초구제3선거구,5112203,1122,서초구,방배2동,계,15373,8472,3014,5351,8365,107,6901
1100,서울특별시,서초구제3선거구,5112203,1122,서초구,방배2동,관내사전투표,2369,2368,1009,1308,2317,51,1
1100,서울특별시,서초구제3선거구,5112203,1122,서초구,방배2동,선거일투표,13004,6104,2005,4043,6048,56,6900
1100,서울특별시,서초구제3선거구,5112203,1122,서초구,방배3동,계,14779,8527,2180,6275,8455,72,6252
1100,서울특별시,서초구제3선거구,5112203,1122,서초구,방배3동,관내사전투표,2550,2549,696,1821,2517,32,1
1100,서울특별시,서초구제3선거구,5112203,1122,서초구,방배3동,선거일투표,12229,5978,1484,4454,5938,40,6251
1100,서울특별시,서초구제3선거구,5112203,1122,서초구,잘못 투입·구분된 투표지,,0,11,1,8,9,2,-11
1100,서울특별시,서초구제4선거구,5112204,1122,서초구,합계,,116551,65067,20628,43581,64209,858,51484
1100,서울특별시,서초구제4선거구,5112204,1122,서초구,거소투표,,118,113,23,80,103,10,5
1100,서울특별시,서초구제4선거구,5112204,1122,서초구,관외사전투표,,8039,8028,3056,4801,7857,171,11
1100,서울특별시,서초구제4선거구,5112204,1122,서초구,서초2동,계,20919,10902,2800,7988,10788,114,10017
1100,서울특별시,서초구제4선거구,5112204,1122,서초구,서초2동,관내사전투표,3530,3526,955,2516,3471,55,4
1100,서울특별시,서초구제4선거구,5112204,1122,서초구,서초2동,선거일투표,17389,7376,1845,5472,7317,59,10013
1100,서울특별시,서초구제4선거구,5112204,1122,서초구,서초4동,계,22479,12383,2212,10021,12233,150,10096
1100,서울특별시,서초구제4선거구,5112204,1122,서초구,서초4동,관내사전투표,2569,2484,533,1923,2456,28,85
1100,서울특별시,서초구제4선거구,5112204,1122,서초구,서초4동,선거일투표,19910,9899,1679,8098,9777,122,10011
1100,서울특별시,서초구제4선거구,5112204,1122,서초구,양재1동,계,32725,16952,6205,10554,16759,193,15773
1100,서울특별시,서초구제4선거구,5112204,1122,서초구,양재1동,관내사전투표,3251,3240,1356,1840,3196,44,11
1100,서울특별시,서초구제4선거구,5112204,1122,서초구,양재1동,선거일투표,29474,13712,4849,8714,13563,149,15762
1100,서울특별시,서초구제4선거구,5112204,1122,서초구,양재2동,계,18491,8935,3818,5012,8830,105,9556
1100,서울특별시,서초구제4선거구,5112204,1122,서초구,양재2동,관내사전투표,3200,3197,1530,1642,3172,25,3
1100,서울특별시,서초구제4선거구,5112204,1122,서초구,양재2동,선거일투표,15291,5738,2288,3370,5658,80,9553
1100,서울특별시,서초구제4선거구,5112204,1122,서초구,내곡동,계,13780,7634,2481,5046,7527,107,6146
1100,서울특별시,서초구제4선거구,5112204,1122,서초구,내곡동,관내사전투표,2769,2770,989,1725,2714,56,-1
1100,서울특별시,서초구제4선거구,5112204,1122,서초구,내곡동,선거일투표,11011,4864,1492,3321,4813,51,6147
1100,서울특별시,서초구제4선거구,5112204,1122,서초구,잘못 투입·구분된 투표지,,0,120,33,79,112,8,-120
1100,서울특별시,강남구제1선거구,5112301,1123,강남구,합계,,78313,39201,30706,7197,37903,1298,39112
1100,서울특별시,강남구제1선거구,5112301,1123,강남구,거소투표,,64,61,49,5,54,7,3
1100,서울특별시,강남구제1선거구,5112301,1123,강남구,관외사전투표,,4367,4363,3044,1158,4202,161,4
1100,서울특별시,강남구제1선거구,5112301,1123,강남구,신사동,계,13110,6826,5343,1282,6625,201,6284
1100,서울특별시,강남구제1선거구,5112301,1123,강남구,신사동,관내사전투표,1820,1820,1313,431,1744,76,0
1100,서울특별시,강남구제1선거구,5112301,1123,강남구,신사동,선거일투표,11290,5006,4030,851,4881,125,6284
1100,서울특별시,강남구제1선거구,5112301,1123,강남구,논현1동,계,19516,6368,4225,1797,6022,346,13148
1100,서울특별시,강남구제1선거구,5112301,1123,강남구,논현1동,관내사전투표,1710,1710,1043,532,1575,135,0
1100,서울특별시,강남구제1선거구,5112301,1123,강남구,논현1동,선거일투표,17806,4658,3182,1265,4447,211,13148
1100,서울특별시,강남구제1선거구,5112301,1123,강남구,압구정동,계,20636,11837,10201,1332,11533,304,8799
1100,서울특별시,강남구제1선거구,5112301,1123,강남구,압구정동,관내사전투표,2648,2648,2237,322,2559,89,0
1100,서울특별시,강남구제1선거구,5112301,1123,강남구,압구정동,선거일투표,17988,9189,7964,1010,8974,215,8799
1100,서울특별시,강남구제1선거구,5112301,1123,강남구,청담동,계,20620,9738,7839,1622,9461,277,10882
1100,서울특별시,강남구제1선거구,5112301,1123,강남구,청담동,관내사전투표,2205,2205,1709,409,2118,87,0
1100,서울특별시,강남구제1선거구,5112301,1123,강남구,청담동,선거일투표,18415,7533,6130,1213,7343,190,10882
1100,서울특별시,강남구제1선거구,5112301,1123,강남구,잘못 투입·구분된 투표지,,0,8,5,1,6,2,-8
1100,서울특별시,강남구제2선거구,5112302,1123,강남구,합계,,81332,35545,11316,23562,34878,667,45787
1100,서울특별시,강남구제2선거구,5112302,1123,강남구,거소투표,,75,67,28,36,64,3,8
1100,서울특별시,강남구제2선거구,5112302,1123,강남구,관외사전투표,,5129,5129,2006,3013,5019,110,0
1100,서울특별시,강남구제2선거구,5112302,1123,강남구,논현2동,계,17642,7066,1913,4991,6904,162,10576
1100,서울특별시,강남구제2선거구,5112302,1123,강남구,논현2동,관내사전투표,1687,1685,542,1115,1657,28,2
1100,서울특별시,강남구제2선거구,5112302,1123,강남구,논현2동,선거일투표,15955,5381,1371,3876,5247,134,10574
1100,서울특별시,강남구제2선거구,5112302,1123,강남구,역삼1동,계,31176,10308,3769,6321,10090,218,20868
1100,서울특별시,강남구제2선거구,5112302,1123,강남구,역삼1동,관내사전투표,2649,2647,1193,1408,2601,46,2
1100,서울특별시,강남구제2선거구,5112302,1123,강남구,역삼1동,선거일투표,28527,7661,2576,4913,7489,172,20866
1100,서울특별시,강남구제2선거구,5112302,1123,강남구,역삼2동,계,27310,12962,3597,9192,12789,173,14348
1100,서울특별시,강남구제2선거구,5112302,1123,강남구,역삼2동,관내사전투표,3647,3646,1189,2405,3594,52,1
1100,서울특별시,강남구제2선거구,5112302,1123,강남구,역삼2동,선거일투표,23663,9316,2408,6787,9195,121,14347
1100,서울특별시,강남구제2선거구,5112302,1123,강남구,잘못 투입·구분된 투표지,,0,13,3,9,12,1,-13
1100,서울특별시,강남구제3선거구,5112303,1123,강남구,합계,,49192,29499,8310,20815,29125,374,19693
1100,서울특별시,강남구제3선거구,5112303,1123,강남구,거소투표,,50,48,14,31,45,3,2
1100,서울특별시,강남구제3선거구,5112303,1123,강남구,관외사전투표,,3500,3499,1299,2145,3444,55,1
1100,서울특별시,강남구제3선거구,5112303,1123,강남구,개포1동,계,5926,3818,856,2917,3773,45,2108
1100,서울특별시,강남구제3선거구,5112303,1123,강남구,개포1동,관내사전투표,1232,1232,261,957,1218,14,0
1100,서울특별시,강남구제3선거구,5112303,1123,강남구,개포1동,선거일투표,4694,2586,595,1960,2555,31,2108
1100,서울특별시,강남구제3선거구,5112303,1123,강남구,개포2동,계,20785,12494,3036,9339,12375,119,8291
1100,서울특별시,강남구제3선거구,5112303,1123,강남구,개포2동,관내사전투표,2643,2642,741,1867,2608,34,1
1100,서울특별시,강남구제3선거구,5112303,1123,강남구,개포2동,선거일투표,18142,9852,2295,7472,9767,85,8290
1100,서울특별시,강남구제3선거구,5112303,1123,강남구,개포4동,계,18931,9636,3104,6380,9484,152,9295
1100,서울특별시,강남구제3선거구,5112303,1123,강남구,개포4동,관내사전투표,2867,2864,1041,1765,2806,58,3
1100,서울특별시,강남구제3선거구,5112303,1123,강남구,개포4동,선거일투표,16064,6772,2063,4615,6678,94,9292
1100,서울특별시,강남구제3선거구,5112303,1123,강남구,잘못 투입·구분된 투표지,,0,4,1,3,4,0,-4
1100,서울특별시,강남구제4선거구,5112304,1123,강남구,합계,,96008,54978,20434,33394,53828,1150,41030
1100,서울특별시,강남구제4선거구,5112304,1123,강남구,거소투표,,117,112,51,52,103,9,5
1100,서울특별시,강남구제4선거구,5112304,1123,강남구,관외사전투표,,6173,6168,2604,3411,6015,153,5
1100,서울특별시,강남구제4선거구,5112304,1123,강남구,일원본동,계,17320,10044,3164,6683,9847,197,7276
1100,서울특별시,강남구제4선거구,5112304,1123,강남구,일원본동,관내사전투표,3346,3344,1196,2042,3238,106,2
1100,서울특별시,강남구제4선거구,5112304,1123,강남구,일원본동,선거일투표,13974,6700,1968,4641,6609,91,7274
1100,서울특별시,강남구제4선거구,5112304,1123,강남구,일원1동,계,12758,6525,2558,3853,6411,114,6233
1100,서울특별시,강남구제4선거구,5112304,1123,강남구,일원1동,관내사전투표,2328,2323,1014,1256,2270,53,5
1100,서울특별시,강남구제4선거구,5112304,1123,강남구,일원1동,선거일투표,10430,4202,1544,2597,4141,61,6228
1100,서울특별시,강남구제4선거구,5112304,1123,강남구,일원2동,계,14050,8074,2586,5393,7979,95,5976
1100,서울특별시,강남구제4선거구,5112304,1123,강남구,일원2동,관내사전투표,2526,2523,980,1494,2474,49,3
1100,서울특별시,강남구제4선거구,5112304,1123,강남구,일원2동,선거일투표,11524,5551,1606,3899,5505,46,5973
1100,서울특별시,강남구제4선거구,5112304,1123,강남구,수서동,계,12860,7308,2447,4598,7045,263,5552
1100,서울특별시,강남구제4선거구,5112304,1123,강남구,수서동,관내사전투표,2476,2475,902,1497,2399,76,1
1100,서울특별시,강남구제4선거구,5112304,1123,강남구,수서동,선거일투표,10384,4833,1545,3101,4646,187,5551
1100,서울특별시,강남구제4선거구,5112304,1123,강남구,세곡동,계,32730,16725,7018,9388,16406,319,16005
1100,서울특별시,강남구제4선거구,5112304,1123,강남구,세곡동,관내사전투표,3960,3957,1814,2089,3903,54,3
1100,서울특별시,강남구제4선거구,5112304,1123,강남구,세곡동,선거일투표,28770,12768,5204,7299,12503,265,16002
1100,서울특별시,강남구제4선거구,5112304,1123,강남구,잘못 투입·구분된 투표지,,0,22,6,16,22,0,-22
1100,서울특별시,강남구제5선거구,5112305,1123,강남구,검색된 결과가 없습니다.
1100,서울특별시,강남구제6선거구,5112306,1123,강남구,검색된 결과가 없습니다.
1100,서울특별시,송파구제1선거구,5112401,1124,송파구,합계,,63592,37079,13937,22561,36498,581,26513
1100,서울특별시,송파구제1선거구,5112401,1124,송파구,거소투표,,58,57,27,24,51,6,1
1100,서울특별시,송파구제1선거구,5112401,1124,송파구,관외사전투표,,3127,3121,1332,1716,3048,73,6
1100,서울특별시,송파구제1선거구,5112401,1124,송파구,풍납1동,계,11250,5791,2737,2935,5672,119,5459
1100,서울특별시,송파구제1선거구,5112401,1124,송파구,풍납1동,관내사전투표,2586,2581,1314,1185,2499,82,5
1100,서울특별시,송파구제1선거구,5112401,1124,송파구,풍납1동,선거일투표,8664,3210,1423,1750,3173,37,5454
1100,서울특별시,송파구제1선거구,5112401,1124,송파구,풍납2동,계,20025,10386,4455,5766,10221,165,9639
1100,서울특별시,송파구제1선거구,5112401,1124,송파구,풍납2동,관내사전투표,4055,4052,1880,2108,3988,64,3
1100,서울특별시,송파구제1선거구,5112401,1124,송파구,풍납2동,선거일투표,15970,6334,2575,3658,6233,101,9636
1100,서울특별시,송파구제1선거구,5112401,1124,송파구,잠실4동,계,15814,9569,3162,6266,9428,141,6245
1100,서울특별시,송파구제1선거구,5112401,1124,송파구,잠실4동,관내사전투표,3108,3107,1120,1951,3071,36,1
1100,서울특별시,송파구제1선거구,5112401,1124,송파구,잠실4동,선거일투표,12706,6462,2042,4315,6357,105,6244
1100,서울특별시,송파구제1선거구,5112401,1124,송파구,잠실6동,계,13318,8137,2216,5844,8060,77,5181
1100,서울특별시,송파구제1선거구,5112401,1124,송파구,잠실6동,관내사전투표,3222,3222,963,2214,3177,45,0
1100,서울특별시,송파구제1선거구,5112401,1124,송파구,잠실6동,선거일투표,10096,4915,1253,3630,4883,32,5181
1100,서울특별시,송파구제1선거구,5112401,1124,송파구,잘못 투입·구분된 투표지,,0,18,8,10,18,0,-18
1100,서울특별시,송파구제2선거구,5112402,1124,송파구,합계,,90621,49058,18771,29389,48160,898,41563
1100,서울특별시,송파구제2선거구,5112402,1124,송파구,거소투표,,75,70,25,38,63,7,5
1100,서울특별시,송파구제2선거구,5112402,1124,송파구,관외사전투표,,5368,5365,2404,2846,5250,115,3
1100,서울특별시,송파구제2선거구,5112402,1124,송파구,방이1동,계,12669,6794,2580,4110,6690,104,5875
1100,서울특별시,송파구제2선거구,5112402,1124,송파구,방이1동,관내사전투표,2318,2312,946,1318,2264,48,6
1100,서울특별시,송파구제2선거구,5112402,1124,송파구,방이1동,선거일투표,10351,4482,1634,2792,4426,56,5869
1100,서울특별시,송파구제2선거구,5112402,1124,송파구,방이2동,계,22575,9310,4158,5006,9164,146,13265
1100,서울특별시,송파구제2선거구,5112402,1124,송파구,방이2동,관내사전투표,2434,2434,1181,1201,2382,52,0
1100,서울특별시,송파구제2선거구,5112402,1124,송파구,방이2동,선거일투표,20141,6876,2977,3805,6782,94,13265
1100,서울특별시,송파구제2선거구,5112402,1124,송파구,오륜동,계,13959,8789,2096,6627,8723,66,5170
1100,서울특별시,송파구제2선거구,5112402,1124,송파구,오륜동,관내사전투표,3007,3005,792,2178,2970,35,2
1100,서울특별시,송파구제2선거구,5112402,1124,송파구,오륜동,선거일투표,10952,5784,1304,4449,5753,31,5168
1100,서울특별시,송파구제2선거구,5112402,1124,송파구,송파1동,계,20486,9683,4328,5138,9466,217,10803
1100,서울특별시,송파구제2선거구,5112402,1124,송파구,송파1동,관내사전투표,3366,3364,1685,1593,3278,86,2
1100,서울특별시,송파구제2선거구,5112402,1124,송파구,송파1동,선거일투표,17120,6319,2643,3545,6188,131,10801
1100,서울특별시,송파구제2선거구,5112402,1124,송파구,송파2동,계,15489,9029,3172,5614,8786,243,6460
1100,서울특별시,송파구제2선거구,5112402,1124,송파구,송파2동,관내사전투표,3039,3036,1178,1700,2878,158,3
1100,서울특별시,송파구제2선거구,5112402,1124,송파구,송파2동,선거일투표,12450,5993,1994,3914,5908,85,6457
1100,서울특별시,송파구제2선거구,5112402,1124,송파구,잘못 투입·구분된 투표지,,0,18,8,10,18,0,-18
1100,서울특별시,송파구제3선거구,5112403,1124,송파구,합계,,77280,41621,15692,25244,40936,685,35659
1100,서울특별시,송파구제3선거구,5112403,1124,송파구,거소투표,,63,55,16,38,54,1,8
1100,서울특별시,송파구제3선거구,5112403,1124,송파구,관외사전투표,,5159,5151,2398,2645,5043,108,8
1100,서울특별시,송파구제3선거구,5112403,1124,송파구,석촌동,계,26915,11671,5551,5902,11453,218,15244
1100,서울특별시,송파구제3선거구,5112403,1124,송파구,석촌동,관내사전투표,4122,4121,2103,1925,4028,93,1
1100,서울특별시,송파구제3선거구,5112403,1124,송파구,석촌동,선거일투표,22793,7550,3448,3977,7425,125,15243
1100,서울특별시,송파구제3선거구,5112403,1124,송파구,가락1동,계,21037,12534,3834,8575,12409,125,8503
1100,서울특별시,송파구제3선거구,5112403,1124,송파구,가락1동,관내사전투표,4282,4281,1372,2859,4231,50,1
1100,서울특별시,송파구제3선거구,5112403,1124,송파구,가락1동,선거일투표,16755,8253,2462,5716,8178,75,8502
1100,서울특별시,송파구제3선거구,5112403,1124,송파구,문정2동,계,24106,12195,3886,8077,11963,232,11911
1100,서울특별시,송파구제3선거구,5112403,1124,송파구,문정2동,관내사전투표,2600,2599,756,1761,2517,82,1
1100,서울특별시,송파구제3선거구,5112403,1124,송파구,문정2동,선거일투표,21506,9596,3130,6316,9446,150,11910
1100,서울특별시,송파구제3선거구,5112403,1124,송파구,잘못 투입·구분된 투표지,,0,15,7,7,14,1,-15
1100,서울특별시,송파구제4선거구,5112404,1124,송파구,합계,,115572,63611,20717,41570,62287,1324,51961
1100,서울특별시,송파구제4선거구,5112404,1124,송파구,거소투표,,134,122,33,79,112,10,12
1100,서울특별시,송파구제4선거구,5112404,1124,송파구,관외사전투표,,7169,7160,2766,4243,7009,151,9
1100,서울특별시,송파구제4선거구,5112404,1124,송파구,삼전동,계,25726,11194,5251,5735,10986,208,14532
1100,서울특별시,송파구제4선거구,5112404,1124,송파구,삼전동,관내사전투표,3567,3562,1788,1671,3459,103,5
1100,서울특별시,송파구제4선거구,5112404,1124,송파구,삼전동,선거일투표,22159,7632,3463,4064,7527,105,14527
1100,서울특별시,송파구제4선거구,5112404,1124,송파구,잠실본동,계,23983,10203,4399,5611,10010,193,13780
1100,서울특별시,송파구제4선거구,5112404,1124,송파구,잠실본동,관내사전투표,3778,3776,1763,1916,3679,97,2
1100,서울특별시,송파구제4선거구,5112404,1124,송파구,잠실본동,선거일투표,20205,6427,2636,3695,6331,96,13778
1100,서울특별시,송파구제4선거구,5112404,1124,송파구,잠실2동,계,25021,14297,3836,10136,13972,325,10724
1100,서울특별시,송파구제4선거구,5112404,1124,송파구,잠실2동,관내사전투표,3998,3997,1247,2656,3903,94,1
1100,서울특별시,송파구제4선거구,5112404,1124,송파구,잠실2동,선거일투표,21023,10300,2589,7480,10069,231,10723
1100,서울특별시,송파구제4선거구,5112404,1124,송파구,잠실3동,계,25414,15199,3376,11500,14876,323,10215
1100,서울특별시,송파구제4선거구,5112404,1124,송파구,잠실3동,관내사전투표,3296,3294,841,2377,3218,76,2
1100,서울특별시,송파구제4선거구,5112404,1124,송파구,잠실3동,선거일투표,22118,11905,2535,9123,11658,247,10213
1100,서울특별시,송파구제4선거구,5112404,1124,송파구,잠실7동,계,8125,5408,1041,4256,5297,111,2717
1100,서울특별시,송파구제4선거구,5112404,1124,송파구,잠실7동,관내사전투표,1841,1839,455,1364,1819,20,2
1100,서울특별시,송파구제4선거구,5112404,1124,송파구,잠실7동,선거일투표,6284,3569,586,2892,3478,91,2715
1100,서울특별시,송파구제4선거구,5112404,1124,송파구,잘못 투입·구분된 투표지,,0,28,15,10,25,3,-28
1100,서울특별시,송파구제5선거구,5112405,1124,송파구,합계,,121550,66146,30286,34031,64317,1829,55404
1100,서울특별시,송파구제5선거구,5112405,1124,송파구,거소투표,,142,135,64,63,127,8,7
1100,서울특별시,송파구제5선거구,5112405,1124,송파구,관외사전투표,,8030,8024,3966,3883,7849,175,6
1100,서울특별시,송파구제5선거구,5112405,1124,송파구,거여1동,계,10339,5155,2280,2803,5083,72,5184
1100,서울특별시,송파구제5선거구,5112405,1124,송파구,거여1동,관내사전투표,1793,1792,850,897,1747,45,1
1100,서울특별시,송파구제5선거구,5112405,1124,송파구,거여1동,선거일투표,8546,3363,1430,1906,3336,27,5183
1100,서울특별시,송파구제5선거구,5112405,1124,송파구,거여2동,계,18556,10059,4356,5342,9698,361,8497
1100,서울특별시,송파구제5선거구,5112405,1124,송파구,거여2동,관내사전투표,3247,3246,1591,1583,3174,72,1
1100,서울특별시,송파구제5선거구,5112405,1124,송파구,거여2동,선거일투표,15309,6813,2765,3759,6524,289,8496
1100,서울특별시,송파구제5선거구,5112405,1124,송파구,마천1동,계,15652,7368,3306,3854,7160,208,8284
1100,서울특별시,송파구제5선거구,5112405,1124,송파구,마천1동,관내사전투표,2220,2218,1063,1078,2141,77,2
1100,서울특별시,송파구제5선거구,5112405,1124,송파구,마천1동,선거일투표,13432,5150,2243,2776,5019,131,8282
1100,서울특별시,송파구제5선거구,5112405,1124,송파구,마천2동,계,16025,7787,3617,3973,7590,197,8238
1100,서울특별시,송파구제5선거구,5112405,1124,송파구,마천2동,관내사전투표,2747,2746,1300,1383,2683,63,1
1100,서울특별시,송파구제5선거구,5112405,1124,송파구,마천2동,선거일투표,13278,5041,2317,2590,4907,134,8237
1100,서울특별시,송파구제5선거구,5112405,1124,송파구,장지동,계,23644,12190,5489,6336,11825,365,11454
1100,서울특별시,송파구제5선거구,5112405,1124,송파구,장지동,관내사전투표,3569,3555,1807,1678,3485,70,14
1100,서울특별시,송파구제5선거구,5112405,1124,송파구,장지동,선거일투표,20075,8635,3682,4658,8340,295,11440
1100,서울특별시,송파구제5선거구,5112405,1124,송파구,위례동,계,29162,15392,7197,7757,14954,438,13770
1100,서울특별시,송파구제5선거구,5112405,1124,송파구,위례동,관내사전투표,4335,4335,2138,2132,4270,65,0
1100,서울특별시,송파구제5선거구,5112405,1124,송파구,위례동,선거일투표,24827,11057,5059,5625,10684,373,13770
1100,서울특별시,송파구제5선거구,5112405,1124,송파구,잘못 투입·구분된 투표지,,0,36,11,20,31,5,-36
1100,서울특별시,송파구제6선거구,5112406,1124,송파구,합계,,100892,55711,22718,31988,54706,1005,45181
1100,서울특별시,송파구제6선거구,5112406,1124,송파구,거소투표,,110,108,40,63,103,5,2
1100,서울특별시,송파구제6선거구,5112406,1124,송파구,관외사전투표,,7939,7934,3650,4076,7726,208,5
1100,서울특별시,송파구제6선거구,5112406,1124,송파구,오금동,계,30760,16038,6384,9437,15821,217,14722
1100,서울특별시,송파구제6선거구,5112406,1124,송파구,오금동,관내사전투표,3891,3888,1623,2188,3811,77,3
1100,서울특별시,송파구제6선거구,5112406,1124,송파구,오금동,선거일투표,26869,12150,4761,7249,12010,140,14719
1100,서울특별시,송파구제6선거구,5112406,1124,송파구,가락본동,계,21053,10114,4000,5888,9888,226,10939
1100,서울특별시,송파구제6선거구,5112406,1124,송파구,가락본동,관내사전투표,3037,3036,1312,1642,2954,82,1
1100,서울특별시,송파구제6선거구,5112406,1124,송파구,가락본동,선거일투표,18016,7078,2688,4246,6934,144,10938
1100,서울특별시,송파구제6선거구,5112406,1124,송파구,가락2동,계,24687,13070,5376,7485,12861,209,11617
1100,서울특별시,송파구제6선거구,5112406,1124,송파구,가락2동,관내사전투표,3138,3138,1448,1617,3065,73,0
1100,서울특별시,송파구제6선거구,5112406,1124,송파구,가락2동,선거일투표,21549,9932,3928,5868,9796,136,11617
1100,서울특별시,송파구제6선거구,5112406,1124,송파구,문정1동,계,16343,8429,3258,5031,8289,140,7914
1100,서울특별시,송파구제6선거구,5112406,1124,송파구,문정1동,관내사전투표,2545,2543,1152,1329,2481,62,2
1100,서울특별시,송파구제6선거구,5112406,1124,송파구,문정1동,선거일투표,13798,5886,2106,3702,5808,78,7912
1100,서울특별시,송파구제6선거구,5112406,1124,송파구,잘못 투입·구분된 투표지,,0,18,10,8,18,0,-18
1100,서울특별시,강동구제1선거구,5112501,1125,강동구,합계,,76201,42565,17826,24043,41869,696,33636
1100,서울특별시,강동구제1선거구,5112501,1125,강동구,거소투표,,152,142,53,67,120,22,10
1100,서울특별시,강동구제1선거구,5112501,1125,강동구,관외사전투표,,4152,4149,2000,2066,4066,83,3
1100,서울특별시,강동구제1선거구,5112501,1125,강동구,고덕제1동,계,17043,9809,3844,5837,9681,128,7234
1100,서울특별시,강동구제1선거구,5112501,1125,강동구,고덕제1동,관내사전투표,3218,3215,1366,1824,3190,25,3
1100,서울특별시,강동구제1선거구,5112501,1125,강동구,고덕제1동,선거일투표,13825,6594,2478,4013,6491,103,7231
1100,서울특별시,강동구제1선거구,5112501,1125,강동구,암사제1동,계,27845,12602,5544,6852,12396,206,15243
1100,서울특별시,강동구제1선거구,5112501,1125,강동구,암사제1동,관내사전투표,3933,3928,1885,1952,3837,91,5
1100,서울특별시,강동구제1선거구,5112501,1125,강동구,암사제1동,선거일투표,23912,8674,3659,4900,8559,115,15238
1100,서울특별시,강동구제1선거구,5112501,1125,강동구,암사제2동,계,12937,7460,3184,4129,7313,147,5477
1100,서울특별시,강동구제1선거구,5112501,1125,강동구,암사제2동,관내사전투표,3488,3486,1609,1798,3407,79,2
1100,서울특별시,강동구제1선거구,5112501,1125,강동구,암사제2동,선거일투표,9449,3974,1575,2331,3906,68,5475
1100,서울특별시,강동구제1선거구,5112501,1125,강동구,암사제3동,계,14072,8382,3192,5081,8273,109,5690
1100,서울특별시,강동구제1선거구,5112501,1125,강동구,암사제3동,관내사전투표,2989,2987,1204,1749,2953,34,2
1100,서울특별시,강동구제1선거구,5112501,1125,강동구,암사제3동,선거일투표,11083,5395,1988,3332,5320,75,5688
1100,서울특별시,강동구제1선거구,5112501,1125,강동구,잘못 투입·구분된 투표지,,0,21,9,11,20,1,-21
1100,서울특별시,강동구제2선거구,5112502,1125,강동구,합계,,77180,42009,16820,23713,718,41251,758,35171
1100,서울특별시,강동구제2선거구,5112502,1125,강동구,거소투표,,93,86,31,42,4,77,9,7
1100,서울특별시,강동구제2선거구,5112502,1125,강동구,관외사전투표,,4883,4881,2247,2430,98,4775,106,2
1100,서울특별시,강동구제2선거구,5112502,1125,강동구,명일제1동,계,20432,11149,4265,6518,166,10949,200,9283
1100,서울특별시,강동구제2선거구,5112502,1125,강동구,명일제1동,관내사전투표,3815,3810,1523,2169,48,3740,70,5
1100,서울특별시,강동구제2선거구,5112502,1125,강동구,명일제1동,선거일투표,16617,7339,2742,4349,118,7209,130,9278
1100,서울특별시,강동구제2선거구,5112502,1125,강동구,명일제2동,계,13854,8420,3037,5124,109,8270,150,5434
1100,서울특별시,강동구제2선거구,5112502,1125,강동구,명일제2동,관내사전투표,2681,2666,1071,1518,21,2610,56,15
1100,서울특별시,강동구제2선거구,5112502,1125,강동구,명일제2동,선거일투표,11173,5754,1966,3606,88,5660,94,5419
1100,서울특별시,강동구제2선거구,5112502,1125,강동구,길동,계,37918,17442,7230,9582,340,17152,290,20476
1100,서울특별시,강동구제2선거구,5112502,1125,강동구,길동,관내사전투표,5128,5125,2199,2677,92,4968,157,3
1100,서울특별시,강동구제2선거구,5112502,1125,강동구,길동,선거일투표,32790,12317,5031,6905,248,12184,133,20473
1100,서울특별시,강동구제2선거구,5112502,1125,강동구,잘못 투입·구분된 투표지,,0,31,10,17,1,28,3,-31
1100,서울특별시,강동구제3선거구,5112503,1125,강동구,합계,,84457,48882,20705,27265,47970,912,35575
1100,서울특별시,강동구제3선거구,5112503,1125,강동구,거소투표,,169,156,63,65,128,28,13
1100,서울특별시,강동구제3선거구,5112503,1125,강동구,관외사전투표,,5386,5381,2571,2696,5267,114,5
1100,서울특별시,강동구제3선거구,5112503,1125,강동구,강일동,계,25239,13238,6475,6520,12995,243,12001
1100,서울특별시,강동구제3선거구,5112503,1125,강동구,강일동,관내사전투표,4232,4228,2183,1968,4151,77,4
1100,서울특별시,강동구제3선거구,5112503,1125,강동구,강일동,선거일투표,21007,9010,4292,4552,8844,166,11997
1100,서울특별시,강동구제3선거구,5112503,1125,강동구,상일제1동,계,28190,16047,6044,9774,15818,229,12143
1100,서울특별시,강동구제3선거구,5112503,1125,강동구,상일제1동,관내사전투표,4213,4210,1630,2536,4166,44,3
1100,서울특별시,강동구제3선거구,5112503,1125,강동구,상일제1동,선거일투표,23977,11837,4414,7238,11652,185,12140
1100,서울특별시,강동구제3선거구,5112503,1125,강동구,상일제2동,계,8449,4488,2268,2090,4358,130,3961
1100,서울특별시,강동구제3선거구,5112503,1125,강동구,상일제2동,관내사전투표,1487,1487,806,661,1467,20,0
1100,서울특별시,강동구제3선거구,5112503,1125,강동구,상일제2동,선거일투표,6962,3001,1462,1429,2891,110,3961
1100,서울특별시,강동구제3선거구,5112503,1125,강동구,고덕제2동,계,17024,9555,3277,6111,9388,167,7469
1100,서울특별시,강동구제3선거구,5112503,1125,강동구,고덕제2동,관내사전투표,2787,2787,1066,1670,2736,51,0
1100,서울특별시,강동구제3선거구,5112503,1125,강동구,고덕제2동,선거일투표,14237,6768,2211,4441,6652,116,7469
1100,서울특별시,강동구제3선거구,5112503,1125,강동구,잘못 투입·구분된 투표지,,0,17,7,9,16,1,-17
1100,서울특별시,강동구제4선거구,5112504,1125,강동구,합계,,78729,38098,15819,18785,2792,37396,702,40631
1100,서울특별시,강동구제4선거구,5112504,1125,강동구,거소투표,,109,102,34,58,7,99,3,7
1100,서울특별시,강동구제4선거구,5112504,1125,강동구,관외사전투표,,5152,5150,2472,2254,320,5046,104,2
1100,서울특별시,강동구제4선거구,5112504,1125,강동구,천호제1동,계,22902,10694,4480,5298,701,10479,215,12208
1100,서울특별시,강동구제4선거구,5112504,1125,강동구,천호제1동,관내사전투표,3500,3497,1644,1544,224,3412,85,3
1100,서울특별시,강동구제4선거구,5112504,1125,강동구,천호제1동,선거일투표,19402,7197,2836,3754,477,7067,130,12205
1100,서울특별시,강동구제4선거구,5112504,1125,강동구,천호제2동,계,28200,12488,5022,6088,1145,12255,233,15712
1100,서울특별시,강동구제4선거구,5112504,1125,강동구,천호제2동,관내사전투표,3706,3699,1604,1705,338,3647,52,7
1100,서울특별시,강동구제4선거구,5112504,1125,강동구,천호제2동,선거일투표,24494,8789,3418,4383,807,8608,181,15705
1100,서울특별시,강동구제4선거구,5112504,1125,강동구,천호제3동,계,22366,9647,3805,5077,618,9500,147,12719
1100,서울특별시,강동구제4선거구,5112504,1125,강동구,천호제3동,관내사전투표,2885,2883,1167,1471,169,2807,76,2
1100,서울특별시,강동구제4선거구,5112504,1125,강동구,천호제3동,선거일투표,19481,6764,2638,3606,449,6693,71,12717
1100,서울특별시,강동구제4선거구,5112504,1125,강동구,잘못 투입·구분된 투표지,,0,17,6,10,1,17,0,-17
1100,서울특별시,강동구제5선거구,5112505,1125,강동구,합계,,80977,42487,18748,22576,41324,1163,38490
1100,서울특별시,강동구제5선거구,5112505,1125,강동구,거소투표,,96,91,37,45,82,9,5
1100,서울특별시,강동구제5선거구,5112505,1125,강동구,관외사전투표,,4604,4604,2308,2184,4492,112,0
1100,서울특별시,강동구제5선거구,5112505,1125,강동구,성내제1동,계,16153,8449,3808,4462,8270,179,7704
1100,서울특별시,강동구제5선거구,5112505,1125,강동구,성내제1동,관내사전투표,3034,3032,1463,1503,2966,66,2
1100,서울특별시,강동구제5선거구,5112505,1125,강동구,성내제1동,선거일투표,13119,5417,2345,2959,5304,113,7702
1100,서울특별시,강동구제5선거구,5112505,1125,강동구,성내제2동,계,20210,9186,4032,4925,8957,229,11024
1100,서울특별시,강동구제5선거구,5112505,1125,강동구,성내제2동,관내사전투표,3506,3502,1633,1826,3459,43,4
1100,서울특별시,강동구제5선거구,5112505,1125,강동구,성내제2동,선거일투표,16704,5684,2399,3099,5498,186,11020
1100,서울특별시,강동구제5선거구,5112505,1125,강동구,성내제3동,계,19806,9823,4325,5237,9562,261,9983
1100,서울특별시,강동구제5선거구,5112505,1125,강동구,성내제3동,관내사전투표,3829,3828,1800,1953,3753,75,1
1100,서울특별시,강동구제5선거구,5112505,1125,강동구,성내제3동,선거일투표,15977,5995,2525,3284,5809,186,9982
1100,서울특별시,강동구제5선거구,5112505,1125,강동구,둔촌제2동,계,20108,10317,4230,5716,9946,371,9791
1100,서울특별시,강동구제5선거구,5112505,1125,강동구,둔촌제2동,관내사전투표,3147,3147,1378,1664,3042,105,0
1100,서울특별시,강동구제5선거구,5112505,1125,강동구,둔촌제2동,선거일투표,16961,7170,2852,4052,6904,266,9791
1100,서울특별시,강동구제5선거구,5112505,1125,강동구,잘못 투입·구분된 투표지,,0,17,8,7,15,2,-172600,부산광역시,중구선거구,5260101,2601,중구,합계,,38236,19128,6251,12427,18678,450,19108
2600,부산광역시,중구선거구,5260101,2601,중구,거소투표,,60,58,17,37,54,4,2
2600,부산광역시,중구선거구,5260101,2601,중구,관외사전투표,,2337,2336,970,1312,2282,54,1
2600,부산광역시,중구선거구,5260101,2601,중구,중앙동,계,2793,901,349,533,882,19,1892
2600,부산광역시,중구선거구,5260101,2601,중구,중앙동,관내사전투표,296,296,121,170,291,5,0
2600,부산광역시,중구선거구,5260101,2601,중구,중앙동,선거일투표,2497,605,228,363,591,14,1892
2600,부산광역시,중구선거구,5260101,2601,중구,동광동,계,2279,1072,337,707,1044,28,1207
2600,부산광역시,중구선거구,5260101,2601,중구,동광동,관내사전투표,416,416,152,256,408,8,0
2600,부산광역시,중구선거구,5260101,2601,중구,동광동,선거일투표,1863,656,185,451,636,20,1207
2600,부산광역시,중구선거구,5260101,2601,중구,대청동,계,5427,2517,846,1612,2458,59,2910
2600,부산광역시,중구선거구,5260101,2601,중구,대청동,관내사전투표,936,936,330,582,912,24,0
2600,부산광역시,중구선거구,5260101,2601,중구,대청동,선거일투표,4491,1581,516,1030,1546,35,2910
2600,부산광역시,중구선거구,5260101,2601,중구,보수동,계,9145,4334,1404,2817,4221,113,4811
2600,부산광역시,중구선거구,5260101,2601,중구,보수동,관내사전투표,1500,1500,530,933,1463,37,0
2600,부산광역시,중구선거구,5260101,2601,중구,보수동,선거일투표,7645,2834,874,1884,2758,76,4811
2600,부산광역시,중구선거구,5260101,2601,중구,부평동,계,4265,2130,537,1545,2082,48,2135
2600,부산광역시,중구선거구,5260101,2601,중구,부평동,관내사전투표,947,947,277,648,925,22,0
2600,부산광역시,중구선거구,5260101,2601,중구,부평동,선거일투표,3318,1183,260,897,1157,26,2135
2600,부산광역시,중구선거구,5260101,2601,중구,광복동,계,935,498,131,354,485,13,437
2600,부산광역시,중구선거구,5260101,2601,중구,광복동,관내사전투표,241,241,70,163,233,8,0
2600,부산광역시,중구선거구,5260101,2601,중구,광복동,선거일투표,694,257,61,191,252,5,437
2600,부산광역시,중구선거구,5260101,2601,중구,남포동,계,845,408,84,317,401,7,437
2600,부산광역시,중구선거구,5260101,2601,중구,남포동,관내사전투표,163,163,41,118,159,4,0
2600,부산광역시,중구선거구,5260101,2601,중구,남포동,선거일투표,682,245,43,199,242,3,437
2600,부산광역시,중구선거구,5260101,2601,중구,영주제1동,계,4150,1660,559,1064,1623,37,2490
2600,부산광역시,중구선거구,5260101,2601,중구,영주제1동,관내사전투표,587,587,190,382,572,15,0
2600,부산광역시,중구선거구,5260101,2601,중구,영주제1동,선거일투표,3563,1073,369,682,1051,22,2490
2600,부산광역시,중구선거구,5260101,2601,중구,영주제2동,계,6000,3214,1017,2129,3146,68,2786
2600,부산광역시,중구선거구,5260101,2601,중구,영주제2동,관내사전투표,905,905,315,567,882,23,0
2600,부산광역시,중구선거구,5260101,2601,중구,영주제2동,선거일투표,5095,2309,702,1562,2264,45,2786
2600,부산광역시,중구선거구,5260101,2601,중구,잘못 투입·구분된 투표지,,0,0,0,0,0,0,0
2600,부산광역시,서구제1선거구,5260201,2602,서구,합계,,50179,26211,8087,16385,1251,25723,488,23968
2600,부산광역시,서구제1선거구,5260201,2602,서구,거소투표,,69,64,22,36,4,62,2,5
2600,부산광역시,서구제1선거구,5260201,2602,서구,관외사전투표,,2433,2433,1000,1285,81,2366,67,0
2600,부산광역시,서구제1선거구,5260201,2602,서구,동대신제1동,계,4904,2509,673,1657,131,2461,48,2395
2600,부산광역시,서구제1선거구,5260201,2602,서구,동대신제1동,관내사전투표,901,900,240,585,44,869,31,1
2600,부산광역시,서구제1선거구,5260201,2602,서구,동대신제1동,선거일투표,4003,1609,433,1072,87,1592,17,2394
2600,부산광역시,서구제1선거구,5260201,2602,서구,동대신제2동,계,5936,2827,747,1893,141,2781,46,3109
2600,부산광역시,서구제1선거구,5260201,2602,서구,동대신제2동,관내사전투표,888,888,263,565,35,863,25,0
2600,부산광역시,서구제1선거구,5260201,2602,서구,동대신제2동,선거일투표,5048,1939,484,1328,106,1918,21,3109
2600,부산광역시,서구제1선거구,5260201,2602,서구,동대신제3동,계,6896,3483,1032,2172,193,3397,86,3413
2600,부산광역시,서구제1선거구,5260201,2602,서구,동대신제3동,관내사전투표,1602,1602,462,998,87,1547,55,0
2600,부산광역시,서구제1선거구,5260201,2602,서구,동대신제3동,선거일투표,5294,1881,570,1174,106,1850,31,3413
2600,부산광역시,서구제1선거구,5260201,2602,서구,서대신제1동,계,11144,5637,1745,3547,263,5555,82,5507
2600,부산광역시,서구제1선거구,5260201,2602,서구,서대신제1동,관내사전투표,1981,1981,651,1206,71,1928,53,0
2600,부산광역시,서구제1선거구,5260201,2602,서구,서대신제1동,선거일투표,9163,3656,1094,2341,192,3627,29,5507
2600,부산광역시,서구제1선거구,5260201,2602,서구,서대신제3동,계,6182,3027,890,1961,121,2972,55,3155
2600,부산광역시,서구제1선거구,5260201,2602,서구,서대신제3동,관내사전투표,1237,1237,383,789,35,1207,30,0
2600,부산광역시,서구제1선거구,5260201,2602,서구,서대신제3동,선거일투표,4945,1790,507,1172,86,1765,25,3155
2600,부산광역시,서구제1선거구,5260201,2602,서구,서대신제4동,계,6199,3315,1061,2052,149,3262,53,2884
2600,부산광역시,서구제1선거구,5260201,2602,서구,서대신제4동,관내사전투표,1331,1331,464,781,54,1299,32,0
2600,부산광역시,서구제1선거구,5260201,2602,서구,서대신제4동,선거일투표,4868,1984,597,1271,95,1963,21,2884
2600,부산광역시,서구제1선거구,5260201,2602,서구,부민동,계,6416,2916,917,1782,168,2867,49,3500
2600,부산광역시,서구제1선거구,5260201,2602,서구,부민동,관내사전투표,1120,1120,390,657,45,1092,28,0
2600,부산광역시,서구제1선거구,5260201,2602,서구,부민동,선거일투표,5296,1796,527,1125,123,1775,21,3500
2600,부산광역시,서구제1선거구,5260201,2602,서구,잘못 투입·구분된 투표지,,0,0,0,0,0,0,0,0
2600,부산광역시,서구제2선거구,5260202,2602,서구,합계,,43247,20831,5375,13340,1640,20355,476,22416
2600,부산광역시,서구제2선거구,5260202,2602,서구,거소투표,,116,112,36,47,10,93,19,4
2600,부산광역시,서구제2선거구,5260202,2602,서구,관외사전투표,,1838,1837,693,1014,88,1795,42,1
2600,부산광역시,서구제2선거구,5260202,2602,서구,아미동,계,5785,2526,574,1565,321,2460,66,3259
2600,부산광역시,서구제2선거구,5260202,2602,서구,아미동,관내사전투표,773,772,190,478,81,749,23,1
2600,부산광역시,서구제2선거구,5260202,2602,서구,아미동,선거일투표,5012,1754,384,1087,240,1711,43,3258
2600,부산광역시,서구제2선거구,5260202,2602,서구,초장동,계,3734,1623,366,1033,179,1578,45,2111
2600,부산광역시,서구제2선거구,5260202,2602,서구,초장동,관내사전투표,727,727,180,445,81,706,21,0
2600,부산광역시,서구제2선거구,5260202,2602,서구,초장동,선거일투표,3007,896,186,588,98,872,24,2111
2600,부산광역시,서구제2선거구,5260202,2602,서구,충무동,계,8758,3996,944,2589,383,3916,80,4762
2600,부산광역시,서구제2선거구,5260202,2602,서구,충무동,관내사전투표,1618,1618,407,1002,168,1577,41,0
2600,부산광역시,서구제2선거구,5260202,2602,서구,충무동,선거일투표,7140,2378,537,1587,215,2339,39,4762
2600,부산광역시,서구제2선거구,5260202,2602,서구,남부민제1동,계,4497,2295,524,1578,146,2248,47,2202
2600,부산광역시,서구제2선거구,5260202,2602,서구,남부민제1동,관내사전투표,964,964,244,625,71,940,24,0
2600,부산광역시,서구제2선거구,5260202,2602,서구,남부민제1동,선거일투표,3533,1331,280,953,75,1308,23,2202
2600,부산광역시,서구제2선거구,5260202,2602,서구,남부민제2동,계,7858,3671,942,2380,261,3583,88,4187
2600,부산광역시,서구제2선거구,5260202,2602,서구,남부민제2동,관내사전투표,1141,1140,319,702,84,1105,35,1
2600,부산광역시,서구제2선거구,5260202,2602,서구,남부민제2동,선거일투표,6717,2531,623,1678,177,2478,53,4186
2600,부산광역시,서구제2선거구,5260202,2602,서구,암남동,계,10661,4766,1293,3132,252,4677,89,5895
2600,부산광역시,서구제2선거구,5260202,2602,서구,암남동,관내사전투표,1357,1357,391,860,69,1320,37,0
2600,부산광역시,서구제2선거구,5260202,2602,서구,암남동,선거일투표,9304,3409,902,2272,183,3357,52,5895
2600,부산광역시,서구제2선거구,5260202,2602,서구,잘못 투입·구분된 투표지,,0,5,3,2,0,5,0,-5
2600,부산광역시,동구제1선거구,5260301,2603,동구,합계,,43205,21557,7735,13178,20913,644,21648
2600,부산광역시,동구제1선거구,5260301,2603,동구,거소투표,,75,68,24,37,61,7,7
2600,부산광역시,동구제1선거구,5260301,2603,동구,관외사전투표,,1969,1969,867,1062,1929,40,0
2600,부산광역시,동구제1선거구,5260301,2603,동구,초량제1동,계,4412,1812,641,1087,1728,84,2600
2600,부산광역시,동구제1선거구,5260301,2603,동구,초량제1동,관내사전투표,768,766,290,450,740,26,2
2600,부산광역시,동구제1선거구,5260301,2603,동구,초량제1동,선거일투표,3644,1046,351,637,988,58,2598
2600,부산광역시,동구제1선거구,5260301,2603,동구,초량제2동,계,5097,2298,701,1503,2204,94,2799
2600,부산광역시,동구제1선거구,5260301,2603,동구,초량제2동,관내사전투표,1032,1032,321,683,1004,28,0
2600,부산광역시,동구제1선거구,5260301,2603,동구,초량제2동,선거일투표,4065,1266,380,820,1200,66,2799
2600,부산광역시,동구제1선거구,5260301,2603,동구,초량제3동,계,10721,4715,1921,2707,4628,87,6006
2600,부산광역시,동구제1선거구,5260301,2603,동구,초량제3동,관내사전투표,1925,1925,772,1115,1887,38,0
2600,부산광역시,동구제1선거구,5260301,2603,동구,초량제3동,선거일투표,8796,2790,1149,1592,2741,49,6006
2600,부산광역시,동구제1선거구,5260301,2603,동구,초량제6동,계,5269,2572,782,1713,2495,77,2697
2600,부산광역시,동구제1선거구,5260301,2603,동구,초량제6동,관내사전투표,1146,1146,359,738,1097,49,0
2600,부산광역시,동구제1선거구,5260301,2603,동구,초량제6동,선거일투표,4123,1426,423,975,1398,28,2697
2600,부산광역시,동구제1선거구,5260301,2603,동구,수정제1동,계,3726,1990,701,1237,1938,52,1736
2600,부산광역시,동구제1선거구,5260301,2603,동구,수정제1동,관내사전투표,1091,1090,368,677,1045,45,1
2600,부산광역시,동구제1선거구,5260301,2603,동구,수정제1동,선거일투표,2635,900,333,560,893,7,1735
2600,부산광역시,동구제1선거구,5260301,2603,동구,수정제2동,계,8589,4387,1559,2685,4244,143,4202
2600,부산광역시,동구제1선거구,5260301,2603,동구,수정제2동,관내사전투표,1700,1699,628,999,1627,72,1
2600,부산광역시,동구제1선거구,5260301,2603,동구,수정제2동,선거일투표,6889,2688,931,1686,2617,71,4201
2600,부산광역시,동구제1선거구,5260301,2603,동구,수정제4동,계,3347,1738,539,1143,1682,56,1609
2600,부산광역시,동구제1선거구,5260301,2603,동구,수정제4동,관내사전투표,814,813,267,512,779,34,1
2600,부산광역시,동구제1선거구,5260301,2603,동구,수정제4동,선거일투표,2533,925,272,631,903,22,1608
2600,부산광역시,동구제1선거구,5260301,2603,동구,잘못 투입·구분된 투표지,,0,8,0,4,4,4,-8
2600,부산광역시,동구제2선거구,5260302,2603,동구,합계,,37664,19268,6300,11529,810,18639,629,18396
2600,부산광역시,동구제2선거구,5260302,2603,동구,거소투표,,60,54,13,33,2,48,6,6
2600,부산광역시,동구제2선거구,5260302,2603,동구,관외사전투표,,1924,1923,810,989,75,1874,49,1
2600,부산광역시,동구제2선거구,5260302,2603,동구,수정제5동,계,4545,2332,699,1451,99,2249,83,2213
2600,부산광역시,동구제2선거구,5260302,2603,동구,수정제5동,관내사전투표,1135,1134,346,691,41,1078,56,1
2600,부산광역시,동구제2선거구,5260302,2603,동구,수정제5동,선거일투표,3410,1198,353,760,58,1171,27,2212
2600,부산광역시,동구제2선거구,5260302,2603,동구,좌천동,계,10205,4961,1598,2931,256,4785,176,5244
2600,부산광역시,동구제2선거구,5260302,2603,동구,좌천동,관내사전투표,1888,1887,683,1067,82,1832,55,1
2600,부산광역시,동구제2선거구,5260302,2603,동구,좌천동,선거일투표,8317,3074,915,1864,174,2953,121,5243
2600,부산광역시,동구제2선거구,5260302,2603,동구,범일제1동,계,10266,4823,1385,3023,233,4641,182,5443
2600,부산광역시,동구제2선거구,5260302,2603,동구,범일제1동,관내사전투표,1612,1612,487,990,69,1546,66,0
2600,부산광역시,동구제2선거구,5260302,2603,동구,범일제1동,선거일투표,8654,3211,898,2033,164,3095,116,5443
2600,부산광역시,동구제2선거구,5260302,2603,동구,범일제2동,계,7194,3424,1181,2066,95,3342,82,3770
2600,부산광역시,동구제2선거구,5260302,2603,동구,범일제2동,관내사전투표,1146,1146,440,640,34,1114,32,0
2600,부산광역시,동구제2선거구,5260302,2603,동구,범일제2동,선거일투표,6048,2278,741,1426,61,2228,50,3770
2600,부산광역시,동구제2선거구,5260302,2603,동구,범일제5동,계,3470,1744,610,1033,50,1693,51,1726
2600,부산광역시,동구제2선거구,5260302,2603,동구,범일제5동,관내사전투표,477,476,160,281,8,449,27,1
2600,부산광역시,동구제2선거구,5260302,2603,동구,범일제5동,선거일투표,2993,1268,450,752,42,1244,24,1725
2600,부산광역시,동구제2선거구,5260302,2603,동구,잘못 투입·구분된 투표지,,0,7,4,3,0,7,0,-7
2600,부산광역시,영도구제1선거구,5260401,2604,영도구,합계,,47255,24342,9193,14433,23626,716,22913
2600,부산광역시,영도구제1선거구,5260401,2604,영도구,거소투표,,79,77,18,49,67,10,2
2600,부산광역시,영도구제1선거구,5260401,2604,영도구,관외사전투표,,1811,1809,829,934,1763,46,2
2600,부산광역시,영도구제1선거구,5260401,2604,영도구,남항동,계,9636,4571,1561,2888,4449,122,5065
2600,부산광역시,영도구제1선거구,5260401,2604,영도구,남항동,관내사전투표,1815,1814,639,1129,1768,46,1
2600,부산광역시,영도구제1선거구,5260401,2604,영도구,남항동,선거일투표,7821,2757,922,1759,2681,76,5064
2600,부산광역시,영도구제1선거구,5260401,2604,영도구,영선제1동,계,3369,1666,626,996,1622,44,1703
2600,부산광역시,영도구제1선거구,5260401,2604,영도구,영선제1동,관내사전투표,780,779,299,450,749,30,1
2600,부산광역시,영도구제1선거구,5260401,2604,영도구,영선제1동,선거일투표,2589,887,327,546,873,14,1702
2600,부산광역시,영도구제1선거구,5260401,2604,영도구,영선제2동,계,7898,4556,1625,2746,4371,185,3342
2600,부산광역시,영도구제1선거구,5260401,2604,영도구,영선제2동,관내사전투표,2303,2302,856,1320,2176,126,1
2600,부산광역시,영도구제1선거구,5260401,2604,영도구,영선제2동,선거일투표,5595,2254,769,1426,2195,59,3341
2600,부산광역시,영도구제1선거구,5260401,2604,영도구,신선동,계,6900,3099,1167,1846,3013,86,3801
2600,부산광역시,영도구제1선거구,5260401,2604,영도구,신선동,관내사전투표,1164,1164,456,666,1122,42,0
2600,부산광역시,영도구제1선거구,5260401,2604,영도구,신선동,선거일투표,5736,1935,711,1180,1891,44,3801
2600,부산광역시,영도구제1선거구,5260401,2604,영도구,봉래제1동,계,6059,3188,1211,1901,3112,76,2871
2600,부산광역시,영도구제1선거구,5260401,2604,영도구,봉래제1동,관내사전투표,1669,1669,627,993,1620,49,0
2600,부산광역시,영도구제1선거구,5260401,2604,영도구,봉래제1동,선거일투표,4390,1519,584,908,1492,27,2871
2600,부산광역시,영도구제1선거구,5260401,2604,영도구,봉래제2동,계,6497,3172,1336,1756,3092,80,3325
2600,부산광역시,영도구제1선거구,5260401,2604,영도구,봉래제2동,관내사전투표,843,842,387,424,811,31,1
2600,부산광역시,영도구제1선거구,5260401,2604,영도구,봉래제2동,선거일투표,5654,2330,949,1332,2281,49,3324
2600,부산광역시,영도구제1선거구,5260401,2604,영도구,청학제1동,계,5006,2200,817,1316,2133,67,2806
2600,부산광역시,영도구제1선거구,5260401,2604,영도구,청학제1동,관내사전투표,795,795,281,479,760,35,0
2600,부산광역시,영도구제1선거구,5260401,2604,영도구,청학제1동,선거일투표,4211,1405,536,837,1373,32,2806
2600,부산광역시,영도구제1선거구,5260401,2604,영도구,잘못 투입·구분된 투표지,,0,4,3,1,4,0,-4
2600,부산광역시,영도구제2선거구,5260402,2604,영도구,합계,,52140,25886,9790,15452,25242,644,26254
2600,부산광역시,영도구제2선거구,5260402,2604,영도구,거소투표,,134,129,55,66,121,8,5
2600,부산광역시,영도구제2선거구,5260402,2604,영도구,관외사전투표,,2469,2467,1122,1272,2394,73,2
2600,부산광역시,영도구제2선거구,5260402,2604,영도구,청학제2동,계,14312,6416,2471,3818,6289,127,7896
2600,부산광역시,영도구제2선거구,5260402,2604,영도구,청학제2동,관내사전투표,1722,1722,706,967,1673,49,0
2600,부산광역시,영도구제2선거구,5260402,2604,영도구,청학제2동,선거일투표,12590,4694,1765,2851,4616,78,7896
2600,부산광역시,영도구제2선거구,5260402,2604,영도구,동삼제1동,계,22933,10772,3965,6554,10519,253,12161
2600,부산광역시,영도구제2선거구,5260402,2604,영도구,동삼제1동,관내사전투표,4180,4179,1630,2412,4042,137,1
2600,부산광역시,영도구제2선거구,5260402,2604,영도구,동삼제1동,선거일투표,18753,6593,2335,4142,6477,116,12160
2600,부산광역시,영도구제2선거구,5260402,2604,영도구,동삼제2동,계,3223,1575,528,1009,1537,38,1648
2600,부산광역시,영도구제2선거구,5260402,2604,영도구,동삼제2동,관내사전투표,761,761,271,467,738,23,0
2600,부산광역시,영도구제2선거구,5260402,2604,영도구,동삼제2동,선거일투표,2462,814,257,542,799,15,1648
2600,부산광역시,영도구제2선거구,5260402,2604,영도구,동삼제3동,계,9069,4521,1648,2728,4376,145,4548
2600,부산광역시,영도구제2선거구,5260402,2604,영도구,동삼제3동,관내사전투표,2023,2022,783,1158,1941,81,1
2600,부산광역시,영도구제2선거구,5260402,2604,영도구,동삼제3동,선거일투표,7046,2499,865,1570,2435,64,4547
2600,부산광역시,영도구제2선거구,5260402,2604,영도구,잘못 투입·구분된 투표지,,0,6,1,5,6,0,-6
2600,부산광역시,부산진구제1선거구,5260501,2605,부산진구,합계,,80465,39120,12245,22971,3077,38293,827,41345
2600,부산광역시,부산진구제1선거구,5260501,2605,부산진구,거소투표,,143,137,47,67,6,120,17,6
2600,부산광역시,부산진구제1선거구,5260501,2605,부산진구,관외사전투표,,4130,4130,1731,2078,228,4037,93,0
2600,부산광역시,부산진구제1선거구,5260501,2605,부산진구,부전제1동,계,14111,5248,1582,3278,263,5123,125,8863
2600,부산광역시,부산진구제1선거구,5260501,2605,부산진구,부전제1동,관내사전투표,1568,1568,466,1004,59,1529,39,0
2600,부산광역시,부산진구제1선거구,5260501,2605,부산진구,부전제1동,선거일투표,12543,3680,1116,2274,204,3594,86,8863
2600,부산광역시,부산진구제1선거구,5260501,2605,부산진구,연지동,계,16632,8423,2493,5040,716,8249,174,8209
2600,부산광역시,부산진구제1선거구,5260501,2605,부산진구,연지동,관내사전투표,2525,2525,860,1444,179,2483,42,0
2600,부산광역시,부산진구제1선거구,5260501,2605,부산진구,연지동,선거일투표,14107,5898,1633,3596,537,5766,132,8209
2600,부산광역시,부산진구제1선거구,5260501,2605,부산진구,초읍동,계,18489,9253,2501,5517,1044,9062,191,9236
2600,부산광역시,부산진구제1선거구,5260501,2605,부산진구,초읍동,관내사전투표,3007,3006,861,1745,338,2944,62,1
2600,부산광역시,부산진구제1선거구,5260501,2605,부산진구,초읍동,선거일투표,15482,6247,1640,3772,706,6118,129,9235
2600,부산광역시,부산진구제1선거구,5260501,2605,부산진구,양정제1동,계,17056,8627,2756,5049,662,8467,160,8429
2600,부산광역시,부산진구제1선거구,5260501,2605,부산진구,양정제1동,관내사전투표,2633,2633,975,1436,178,2589,44,0
2600,부산광역시,부산진구제1선거구,5260501,2605,부산진구,양정제1동,선거일투표,14423,5994,1781,3613,484,5878,116,8429
2600,부산광역시,부산진구제1선거구,5260501,2605,부산진구,양정제2동,계,9904,3299,1135,1940,157,3232,67,6605
2600,부산광역시,부산진구제1선거구,5260501,2605,부산진구,양정제2동,관내사전투표,737,736,224,458,44,726,10,1
2600,부산광역시,부산진구제1선거구,5260501,2605,부산진구,양정제2동,선거일투표,9167,2563,911,1482,113,2506,57,6604
2600,부산광역시,부산진구제1선거구,5260501,2605,부산진구,잘못 투입·구분된 투표지,,0,3,0,2,1,3,0,-3
2600,부산광역시,부산진구제2선거구,5260502,2605,부산진구,합계,,73986,36976,14454,21720,36174,802,37010
2600,부산광역시,부산진구제2선거구,5260502,2605,부산진구,거소투표,,115,106,36,59,95,11,9
2600,부산광역시,부산진구제2선거구,5260502,2605,부산진구,관외사전투표,,3974,3973,1821,2083,3904,69,1
2600,부산광역시,부산진구제2선거구,5260502,2605,부산진구,부암제1동,계,18333,7757,2803,4726,7529,228,10576
2600,부산광역시,부산진구제2선거구,5260502,2605,부산진구,부암제1동,관내사전투표,2264,2263,860,1355,2215,48,1
2600,부산광역시,부산진구제2선거구,5260502,2605,부산진구,부암제1동,선거일투표,16069,5494,1943,3371,5314,180,10575
2600,부산광역시,부산진구제2선거구,5260502,2605,부산진구,부암제3동,계,14209,7088,3007,3955,6962,126,7121
2600,부산광역시,부산진구제2선거구,5260502,2605,부산진구,부암제3동,관내사전투표,2512,2511,1102,1347,2449,62,1
2600,부산광역시,부산진구제2선거구,5260502,2605,부산진구,부암제3동,선거일투표,11697,4577,1905,2608,4513,64,7120
2600,부산광역시,부산진구제2선거구,5260502,2605,부산진구,당감제1동,계,19324,9301,3511,5603,9114,187,10023
2600,부산광역시,부산진구제2선거구,5260502,2605,부산진구,당감제1동,관내사전투표,2632,2632,1001,1562,2563,69,0
2600,부산광역시,부산진구제2선거구,5260502,2605,부산진구,당감제1동,선거일투표,16692,6669,2510,4041,6551,118,10023
2600,부산광역시,부산진구제2선거구,5260502,2605,부산진구,당감제2동,계,8531,4398,1532,2766,4298,100,4133
2600,부산광역시,부산진구제2선거구,5260502,2605,부산진구,당감제2동,관내사전투표,1263,1263,424,810,1234,29,0
2600,부산광역시,부산진구제2선거구,5260502,2605,부산진구,당감제2동,선거일투표,7268,3135,1108,1956,3064,71,4133
2600,부산광역시,부산진구제2선거구,5260502,2605,부산진구,당감제4동,계,9500,4349,1744,2524,4268,81,5151
2600,부산광역시,부산진구제2선거구,5260502,2605,부산진구,당감제4동,관내사전투표,1681,1681,666,973,1639,42,0
2600,부산광역시,부산진구제2선거구,5260502,2605,부산진구,당감제4동,선거일투표,7819,2668,1078,1551,2629,39,5151
2600,부산광역시,부산진구제2선거구,5260502,2605,부산진구,잘못 투입·구분된 투표지,,0,4,0,4,4,0,-4
2600,부산광역시,부산진구제3선거구,5260503,2605,부산진구,합계,,77025,33117,11683,20733,32416,701,43908
2600,부산광역시,부산진구제3선거구,5260503,2605,부산진구,거소투표,,125,115,40,67,107,8,10
2600,부산광역시,부산진구제3선거구,5260503,2605,부산진구,관외사전투표,,4238,4236,1899,2238,4137,99,2
2600,부산광역시,부산진구제3선거구,5260503,2605,부산진구,부전제2동,계,9048,3280,1066,2168,3234,46,5768
2600,부산광역시,부산진구제3선거구,5260503,2605,부산진구,부전제2동,관내사전투표,679,679,298,370,668,11,0
2600,부산광역시,부산진구제3선거구,5260503,2605,부산진구,부전제2동,선거일투표,8369,2601,768,1798,2566,35,5768
2600,부산광역시,부산진구제3선거구,5260503,2605,부산진구,전포제1동,계,18367,6792,2517,4161,6678,114,11575
2600,부산광역시,부산진구제3선거구,5260503,2605,부산진구,전포제1동,관내사전투표,2248,2248,861,1342,2203,45,0
2600,부산광역시,부산진구제3선거구,5260503,2605,부산진구,전포제1동,선거일투표,16119,4544,1656,2819,4475,69,11575
2600,부산광역시,부산진구제3선거구,5260503,2605,부산진구,전포제2동,계,17694,7510,2550,4839,7389,121,10184
2600,부산광역시,부산진구제3선거구,5260503,2605,부산진구,전포제2동,관내사전투표,2101,2100,768,1280,2048,52,1
2600,부산광역시,부산진구제3선거구,5260503,2605,부산진구,전포제2동,선거일투표,15593,5410,1782,3559,5341,69,10183
2600,부산광역시,부산진구제3선거구,5260503,2605,부산진구,범천제1동,계,10555,3609,1206,2328,3534,75,6946
2600,부산광역시,부산진구제3선거구,5260503,2605,부산진구,범천제1동,관내사전투표,1355,1355,487,839,1326,29,0
2600,부산광역시,부산진구제3선거구,5260503,2605,부산진구,범천제1동,선거일투표,9200,2254,719,1489,2208,46,6946
2600,부산광역시,부산진구제3선거구,5260503,2605,부산진구,범천제2동,계,16998,7568,2402,4928,7330,238,9430
2600,부산광역시,부산진구제3선거구,5260503,2605,부산진구,범천제2동,관내사전투표,2555,2552,760,1715,2475,77,3
2600,부산광역시,부산진구제3선거구,5260503,2605,부산진구,범천제2동,선거일투표,14443,5016,1642,3213,4855,161,9427
2600,부산광역시,부산진구제3선거구,5260503,2605,부산진구,잘못 투입·구분된 투표지,,0,7,3,4,7,0,-7
2600,부산광역시,부산진구제4선거구,5260504,2605,부산진구,합계,,81549,39888,14704,23698,828,39230,658,41661
2600,부산광역시,부산진구제4선거구,5260504,2605,부산진구,거소투표,,147,131,53,61,4,118,13,16
2600,부산광역시,부산진구제4선거구,5260504,2605,부산진구,관외사전투표,,3880,3880,1726,1948,113,3787,93,0
2600,부산광역시,부산진구제4선거구,5260504,2605,부산진구,가야제1동,계,16566,6950,2355,4326,139,6820,130,9616
2600,부산광역시,부산진구제4선거구,5260504,2605,부산진구,가야제1동,관내사전투표,2569,2566,906,1575,33,2514,52,3
2600,부산광역시,부산진구제4선거구,5260504,2605,부산진구,가야제1동,선거일투표,13997,4384,1449,2751,106,4306,78,9613
2600,부산광역시,부산진구제4선거구,5260504,2605,부산진구,가야제2동,계,13948,6961,2388,4276,159,6823,138,6987
2600,부산광역시,부산진구제4선거구,5260504,2605,부산진구,가야제2동,관내사전투표,2324,2323,818,1392,60,2270,53,1
2600,부산광역시,부산진구제4선거구,5260504,2605,부산진구,가야제2동,선거일투표,11624,4638,1570,2884,99,4553,85,6986
2600,부산광역시,부산진구제4선거구,5260504,2605,부산진구,개금제1동,계,14151,5819,2280,3344,101,5725,94,8332
2600,부산광역시,부산진구제4선거구,5260504,2605,부산진구,개금제1동,관내사전투표,2123,2123,888,1160,33,2081,42,0
2600,부산광역시,부산진구제4선거구,5260504,2605,부산진구,개금제1동,선거일투표,12028,3696,1392,2184,68,3644,52,8332
2600,부산광역시,부산진구제4선거구,5260504,2605,부산진구,개금제2동,계,9263,4423,1479,2806,88,4373,50,4840
2600,부산광역시,부산진구제4선거구,5260504,2605,부산진구,개금제2동,관내사전투표,1591,1591,513,1030,23,1566,25,0
2600,부산광역시,부산진구제4선거구,5260504,2605,부산진구,개금제2동,선거일투표,7672,2832,966,1776,65,2807,25,4840
2600,부산광역시,부산진구제4선거구,5260504,2605,부산진구,개금제3동,계,23594,11718,4422,6933,223,11578,140,11876
2600,부산광역시,부산진구제4선거구,5260504,2605,부산진구,개금제3동,관내사전투표,2926,2925,1156,1682,47,2885,40,1
2600,부산광역시,부산진구제4선거구,5260504,2605,부산진구,개금제3동,선거일투표,20668,8793,3266,5251,176,8693,100,11875
2600,부산광역시,부산진구제4선거구,5260504,2605,부산진구,잘못 투입·구분된 투표지,,0,6,1,4,1,6,0,-6
2600,부산광역시,동래구제1선거구,5260601,2606,동래구,합계,,75510,37323,13320,23449,36769,554,38187
2600,부산광역시,동래구제1선거구,5260601,2606,동래구,거소투표,,173,165,62,93,155,10,8
2600,부산광역시,동래구제1선거구,5260601,2606,동래구,관외사전투표,,4429,4429,1936,2415,4351,78,0
2600,부산광역시,동래구제1선거구,5260601,2606,동래구,수민동,계,25631,12229,4416,7634,12050,179,13402
2600,부산광역시,동래구제1선거구,5260601,2606,동래구,수민동,관내사전투표,3556,3556,1386,2133,3519,37,0
2600,부산광역시,동래구제1선거구,5260601,2606,동래구,수민동,선거일투표,22075,8673,3030,5501,8531,142,13402
2600,부산광역시,동래구제1선거구,5260601,2606,동래구,복산동,계,8364,4307,1250,2992,4242,65,4057
2600,부산광역시,동래구제1선거구,5260601,2606,동래구,복산동,관내사전투표,1725,1724,541,1137,1678,46,1
2600,부산광역시,동래구제1선거구,5260601,2606,동래구,복산동,선거일투표,6639,2583,709,1855,2564,19,4056
2600,부산광역시,동래구제1선거구,5260601,2606,동래구,명륜동,계,17980,8574,3136,5333,8469,105,9406
2600,부산광역시,동래구제1선거구,5260601,2606,동래구,명륜동,관내사전투표,2373,2373,866,1467,2333,40,0
2600,부산광역시,동래구제1선거구,5260601,2606,동래구,명륜동,선거일투표,15607,6201,2270,3866,6136,65,9406
2600,부산광역시,동래구제1선거구,5260601,2606,동래구,온천제1동,계,18933,7615,2520,4978,7498,117,11318
2600,부산광역시,동래구제1선거구,5260601,2606,동래구,온천제1동,관내사전투표,2033,2033,681,1306,1987,46,0
2600,부산광역시,동래구제1선거구,5260601,2606,동래구,온천제1동,선거일투표,16900,5582,1839,3672,5511,71,11318
2600,부산광역시,동래구제1선거구,5260601,2606,동래구,잘못 투입·구분된 투표지,,0,4,0,4,4,0,-4
2600,부산광역시,동래구제2선거구,5260602,2606,동래구,합계,,97228,48470,17682,30087,47769,701,48758
2600,부산광역시,동래구제2선거구,5260602,2606,동래구,거소투표,,136,129,38,72,110,19,7
2600,부산광역시,동래구제2선거구,5260602,2606,동래구,관외사전투표,,5832,5831,2456,3252,5708,123,1
2600,부산광역시,동래구제2선거구,5260602,2606,동래구,온천제2동,계,18822,9916,3587,6215,9802,114,8906
2600,부산광역시,동래구제2선거구,5260602,2606,동래구,온천제2동,관내사전투표,3032,3028,1082,1900,2982,46,4
2600,부산광역시,동래구제2선거구,5260602,2606,동래구,온천제2동,선거일투표,15790,6888,2505,4315,6820,68,8902
2600,부산광역시,동래구제2선거구,5260602,2606,동래구,온천제3동,계,30615,12485,4151,8155,12306,179,18130
2600,부산광역시,동래구제2선거구,5260602,2606,동래구,온천제3동,관내사전투표,2071,2069,718,1327,2045,24,2
2600,부산광역시,동래구제2선거구,5260602,2606,동래구,온천제3동,선거일투표,28544,10416,3433,6828,10261,155,18128
2600,부산광역시,동래구제2선거구,5260602,2606,동래구,사직제1동,계,8813,4305,1404,2814,4218,87,4508
2600,부산광역시,동래구제2선거구,5260602,2606,동래구,사직제1동,관내사전투표,1768,1760,602,1112,1714,46,8
2600,부산광역시,동래구제2선거구,5260602,2606,동래구,사직제1동,선거일투표,7045,2545,802,1702,2504,41,4500
2600,부산광역시,동래구제2선거구,5260602,2606,동래구,사직제2동,계,19556,9478,3930,5461,9391,87,10078
2600,부산광역시,동래구제2선거구,5260602,2606,동래구,사직제2동,관내사전투표,2832,2831,1246,1560,2806,25,1
2600,부산광역시,동래구제2선거구,5260602,2606,동래구,사직제2동,선거일투표,16724,6647,2684,3901,6585,62,10077
2600,부산광역시,동래구제2선거구,5260602,2606,동래구,사직제3동,계,13454,6309,2114,4103,6217,92,7145
2600,부산광역시,동래구제2선거구,5260602,2606,동래구,사직제3동,관내사전투표,1873,1873,650,1196,1846,27,0
2600,부산광역시,동래구제2선거구,5260602,2606,동래구,사직제3동,선거일투표,11581,4436,1464,2907,4371,65,7145
2600,부산광역시,동래구제2선거구,5260602,2606,동래구,잘못 투입·구분된 투표지,,0,17,2,15,17,0,-17
2600,부산광역시,동래구제3선거구,5260603,2606,동래구,합계,,61296,30995,10228,20313,30541,454,30301
2600,부산광역시,동래구제3선거구,5260603,2606,동래구,거소투표,,79,71,31,35,66,5,8
2600,부산광역시,동래구제3선거구,5260603,2606,동래구,관외사전투표,,2596,2593,1075,1456,2531,62,3
2600,부산광역시,동래구제3선거구,5260603,2606,동래구,안락제1동,계,12557,6182,1853,4262,6115,67,6375
2600,부산광역시,동래구제3선거구,5260603,2606,동래구,안락제1동,관내사전투표,2053,2053,682,1343,2025,28,0
2600,부산광역시,동래구제3선거구,5260603,2606,동래구,안락제1동,선거일투표,10504,4129,1171,2919,4090,39,6375
2600,부산광역시,동래구제3선거구,5260603,2606,동래구,안락제2동,계,21830,10704,3654,6894,10548,156,11126
2600,부산광역시,동래구제3선거구,5260603,2606,동래구,안락제2동,관내사전투표,2697,2697,942,1695,2637,60,0
2600,부산광역시,동래구제3선거구,5260603,2606,동래구,안락제2동,선거일투표,19133,8007,2712,5199,7911,96,11126
2600,부산광역시,동래구제3선거구,5260603,2606,동래구,명장제1동,계,11781,5831,1884,3855,5739,92,5950
2600,부산광역시,동래구제3선거구,5260603,2606,동래구,명장제1동,관내사전투표,1996,1995,668,1286,1954,41,1
2600,부산광역시,동래구제3선거구,5260603,2606,동래구,명장제1동,선거일투표,9785,3836,1216,2569,3785,51,5949
2600,부산광역시,동래구제3선거구,5260603,2606,동래구,명장제2동,계,12453,5607,1728,3807,5535,72,6846
2600,부산광역시,동래구제3선거구,5260603,2606,동래구,명장제2동,관내사전투표,1834,1833,563,1238,1801,32,1
2600,부산광역시,동래구제3선거구,5260603,2606,동래구,명장제2동,선거일투표,10619,3774,1165,2569,3734,40,6845
2600,부산광역시,동래구제3선거구,5260603,2606,동래구,잘못 투입·구분된 투표지,,0,7,3,4,7,0,-7
2600,부산광역시,남구제1선거구,5260701,2607,남구,합계,,73867,39460,14595,23991,38586,874,34407
2600,부산광역시,남구제1선거구,5260701,2607,남구,거소투표,,130,122,52,63,115,7,8
2600,부산광역시,남구제1선거구,5260701,2607,남구,관외사전투표,,4006,4006,1771,2151,3922,84,0
2600,부산광역시,남구제1선거구,5260701,2607,남구,대연제4동,계,9849,5094,1847,3104,4951,143,4755
2600,부산광역시,남구제1선거구,5260701,2607,남구,대연제4동,관내사전투표,1572,1572,570,951,1521,51,0
2600,부산광역시,남구제1선거구,5260701,2607,남구,대연제4동,선거일투표,8277,3522,1277,2153,3430,92,4755
2600,부산광역시,남구제1선거구,5260701,2607,남구,대연제5동,계,14091,6625,2390,4152,6542,83,7466
2600,부산광역시,남구제1선거구,5260701,2607,남구,대연제5동,관내사전투표,2189,2186,879,1277,2156,30,3
2600,부산광역시,남구제1선거구,5260701,2607,남구,대연제5동,선거일투표,11902,4439,1511,2875,4386,53,7463
2600,부산광역시,남구제1선거구,5260701,2607,남구,대연제6동,계,11724,6217,2281,3834,6115,102,5507
2600,부산광역시,남구제1선거구,5260701,2607,남구,대연제6동,관내사전투표,2078,2076,816,1216,2032,44,2
2600,부산광역시,남구제1선거구,5260701,2607,남구,대연제6동,선거일투표,9646,4141,1465,2618,4083,58,5505
2600,부산광역시,남구제1선거구,5260701,2607,남구,용당동,계,6555,3271,1224,1984,3208,63,3284
2600,부산광역시,남구제1선거구,5260701,2607,남구,용당동,관내사전투표,839,839,337,480,817,22,0
2600,부산광역시,남구제1선거구,5260701,2607,남구,용당동,선거일투표,5716,2432,887,1504,2391,41,3284
2600,부산광역시,남구제1선거구,5260701,2607,남구,감만제1동,계,10935,5446,2057,3240,5297,149,5489
2600,부산광역시,남구제1선거구,5260701,2607,남구,감만제1동,관내사전투표,1981,1979,779,1148,1927,52,2
2600,부산광역시,남구제1선거구,5260701,2607,남구,감만제1동,선거일투표,8954,3467,1278,2092,3370,97,5487
2600,부산광역시,남구제1선거구,5260701,2607,남구,감만제2동,계,5934,3051,1084,1877,2961,90,2883
2600,부산광역시,남구제1선거구,5260701,2607,남구,감만제2동,관내사전투표,1445,1445,562,823,1385,60,0
2600,부산광역시,남구제1선거구,5260701,2607,남구,감만제2동,선거일투표,4489,1606,522,1054,1576,30,2883
2600,부산광역시,남구제1선거구,5260701,2607,남구,우암동,계,10643,5615,1884,3578,5462,153,5028
2600,부산광역시,남구제1선거구,5260701,2607,남구,우암동,관내사전투표,1162,1162,403,728,1131,31,0
2600,부산광역시,남구제1선거구,5260701,2607,남구,우암동,선거일투표,9481,4453,1481,2850,4331,122,5028
2600,부산광역시,남구제1선거구,5260701,2607,남구,잘못 투입·구분된 투표지,,0,13,5,8,13,0,-13
2600,부산광역시,남구제2선거구,5260702,2607,남구,합계,,41311,21041,8174,12318,20492,549,20270
2600,부산광역시,남구제2선거구,5260702,2607,남구,거소투표,,60,55,22,29,51,4,5
2600,부산광역시,남구제2선거구,5260702,2607,남구,관외사전투표,,2045,2045,973,1030,2003,42,0
2600,부산광역시,남구제2선거구,5260702,2607,남구,문현제1동,계,11435,5759,2201,3356,5557,202,5676
2600,부산광역시,남구제2선거구,5260702,2607,남구,문현제1동,관내사전투표,2557,2555,973,1525,2498,57,2
2600,부산광역시,남구제2선거구,5260702,2607,남구,문현제1동,선거일투표,8878,3204,1228,1831,3059,145,5674
2600,부산광역시,남구제2선거구,5260702,2607,남구,문현제2동,계,7385,3057,1104,1862,2966,91,4328
2600,부산광역시,남구제2선거구,5260702,2607,남구,문현제2동,관내사전투표,1165,1164,423,713,1136,28,1
2600,부산광역시,남구제2선거구,5260702,2607,남구,문현제2동,선거일투표,6220,1893,681,1149,1830,63,4327
2600,부산광역시,남구제2선거구,5260702,2607,남구,문현제3동,계,13167,6386,2528,3722,6250,136,6781
2600,부산광역시,남구제2선거구,5260702,2607,남구,문현제3동,관내사전투표,2195,2195,884,1265,2149,46,0
2600,부산광역시,남구제2선거구,5260702,2607,남구,문현제3동,선거일투표,10972,4191,1644,2457,4101,90,6781
2600,부산광역시,남구제2선거구,5260702,2607,남구,문현제4동,계,7219,3731,1343,2314,3657,74,3488
2600,부산광역시,남구제2선거구,5260702,2607,남구,문현제4동,관내사전투표,1438,1438,579,812,1391,47,0
2600,부산광역시,남구제2선거구,5260702,2607,남구,문현제4동,선거일투표,5781,2293,764,1502,2266,27,3488
2600,부산광역시,남구제2선거구,5260702,2607,남구,잘못 투입·구분된 투표지,,0,8,3,5,8,0,-8
2600,부산광역시,남구제3선거구,5260703,2607,남구,합계,,42536,20168,8198,11582,19780,388,22368
2600,부산광역시,남구제3선거구,5260703,2607,남구,거소투표,,74,68,27,36,63,5,6
2600,부산광역시,남구제3선거구,5260703,2607,남구,관외사전투표,,2470,2469,1177,1241,2418,51,1
2600,부산광역시,남구제3선거구,5260703,2607,남구,대연제1동,계,14036,5914,2082,3671,5753,161,8122
2600,부산광역시,남구제3선거구,5260703,2607,남구,대연제1동,관내사전투표,2359,2355,901,1375,2276,79,4
2600,부산광역시,남구제3선거구,5260703,2607,남구,대연제1동,선거일투표,11677,3559,1181,2296,3477,82,8118
2600,부산광역시,남구제3선거구,5260703,2607,남구,대연제3동,계,25956,11709,4909,6630,11539,170,14247
2600,부산광역시,남구제3선거구,5260703,2607,남구,대연제3동,관내사전투표,3083,3082,1463,1585,3048,34,1
2600,부산광역시,남구제3선거구,5260703,2607,남구,대연제3동,선거일투표,22873,8627,3446,5045,8491,136,14246
2600,부산광역시,남구제3선거구,5260703,2607,남구,잘못 투입·구분된 투표지,,0,8,3,4,7,1,-8
2600,부산광역시,남구제4선거구,5260704,2607,남구,합계,,69305,37816,12428,24482,36910,906,31489
2600,부산광역시,남구제4선거구,5260704,2607,남구,거소투표,,162,152,55,88,143,9,10
2600,부산광역시,남구제4선거구,5260704,2607,남구,관외사전투표,,2997,2996,1229,1695,2924,72,1
2600,부산광역시,남구제4선거구,5260704,2607,남구,용호제1동,계,32984,16508,5097,11008,16105,403,16476
2600,부산광역시,남구제4선거구,5260704,2607,남구,용호제1동,관내사전투표,2741,2723,871,1763,2634,89,18
2600,부산광역시,남구제4선거구,5260704,2607,남구,용호제1동,선거일투표,30243,13785,4226,9245,13471,314,16458
2600,부산광역시,남구제4선거구,5260704,2607,남구,용호제2동,계,13337,7131,2293,4711,7004,127,6206
2600,부산광역시,남구제4선거구,5260704,2607,남구,용호제2동,관내사전투표,2074,2073,682,1350,2032,41,1
2600,부산광역시,남구제4선거구,5260704,2607,남구,용호제2동,선거일투표,11263,5058,1611,3361,4972,86,6205
2600,부산광역시,남구제4선거구,5260704,2607,남구,용호제3동,계,12297,7034,2313,4534,6847,187,5263
2600,부산광역시,남구제4선거구,5260704,2607,남구,용호제3동,관내사전투표,3665,3662,1322,2274,3596,66,3
2600,부산광역시,남구제4선거구,5260704,2607,남구,용호제3동,선거일투표,8632,3372,991,2260,3251,121,5260
2600,부산광역시,남구제4선거구,5260704,2607,남구,용호제4동,계,7528,3963,1427,2430,3857,106,3565
2600,부산광역시,남구제4선거구,5260704,2607,남구,용호제4동,관내사전투표,1988,1987,782,1152,1934,53,1
2600,부산광역시,남구제4선거구,5260704,2607,남구,용호제4동,선거일투표,5540,1976,645,1278,1923,53,3564
2600,부산광역시,남구제4선거구,5260704,2607,남구,잘못 투입·구분된 투표지,,0,32,14,16,30,2,-32
2600,부산광역시,북구제1선거구,5260801,2608,북구,합계,,65912,30639,11330,18498,29828,811,35273
2600,부산광역시,북구제1선거구,5260801,2608,북구,거소투표,,86,82,33,42,75,7,4
2600,부산광역시,북구제1선거구,5260801,2608,북구,관외사전투표,,2558,2558,1159,1343,2502,56,0
2600,부산광역시,북구제1선거구,5260801,2608,북구,구포제1동,계,14644,6872,2497,4173,6670,202,7772
2600,부산광역시,북구제1선거구,5260801,2608,북구,구포제1동,관내사전투표,2650,2649,953,1630,2583,66,1
2600,부산광역시,북구제1선거구,5260801,2608,북구,구포제1동,선거일투표,11994,4223,1544,2543,4087,136,7771
2600,부산광역시,북구제1선거구,5260801,2608,북구,구포제2동,계,21299,9494,3525,5710,9235,259,11805
2600,부산광역시,북구제1선거구,5260801,2608,북구,구포제2동,관내사전투표,2445,2445,1019,1374,2393,52,0
2600,부산광역시,북구제1선거구,5260801,2608,북구,구포제2동,선거일투표,18854,7049,2506,4336,6842,207,11805
2600,부산광역시,북구제1선거구,5260801,2608,북구,구포제3동,계,16762,6881,2440,4249,6689,192,9881
2600,부산광역시,북구제1선거구,5260801,2608,북구,구포제3동,관내사전투표,2547,2547,979,1516,2495,52,0
2600,부산광역시,북구제1선거구,5260801,2608,북구,구포제3동,선거일투표,14215,4334,1461,2733,4194,140,9881
2600,부산광역시,북구제1선거구,5260801,2608,북구,덕천제2동,계,10563,4738,1673,2970,4643,95,5825
2600,부산광역시,북구제1선거구,5260801,2608,북구,덕천제2동,관내사전투표,1486,1480,583,870,1453,27,6
2600,부산광역시,북구제1선거구,5260801,2608,북구,덕천제2동,선거일투표,9077,3258,1090,2100,3190,68,5819
2600,부산광역시,북구제1선거구,5260801,2608,북구,잘못 투입·구분된 투표지,,0,14,3,11,14,0,-14
2600,부산광역시,북구제2선거구,5260802,2608,북구,합계,,73387,38433,14607,23231,37838,595,34954
2600,부산광역시,북구제2선거구,5260802,2608,북구,거소투표,,123,119,49,61,110,9,4
2600,부산광역시,북구제2선거구,5260802,2608,북구,관외사전투표,,3444,3443,1550,1829,3379,64,1
2600,부산광역시,북구제2선거구,5260802,2608,북구,덕천제1동,계,9893,4732,1402,3249,4651,81,5161
2600,부산광역시,북구제2선거구,5260802,2608,북구,덕천제1동,관내사전투표,1416,1415,442,939,1381,34,1
2600,부산광역시,북구제2선거구,5260802,2608,북구,덕천제1동,선거일투표,8477,3317,960,2310,3270,47,5160
2600,부산광역시,북구제2선거구,5260802,2608,북구,덕천제3동,계,9106,4024,1255,2687,3942,82,5082
2600,부산광역시,북구제2선거구,5260802,2608,북구,덕천제3동,관내사전투표,1441,1440,488,917,1405,35,1
2600,부산광역시,북구제2선거구,5260802,2608,북구,덕천제3동,선거일투표,7665,2584,767,1770,2537,47,5081
2600,부산광역시,북구제2선거구,5260802,2608,북구,만덕제1동,계,13769,7206,2964,4157,7121,85,6563
2600,부산광역시,북구제2선거구,5260802,2608,북구,만덕제1동,관내사전투표,2616,2616,1036,1534,2570,46,0
2600,부산광역시,북구제2선거구,5260802,2608,북구,만덕제1동,선거일투표,11153,4590,1928,2623,4551,39,6563
2600,부산광역시,북구제2선거구,5260802,2608,북구,만덕제2동,계,21445,10751,4309,6293,10602,149,10694
2600,부산광역시,북구제2선거구,5260802,2608,북구,만덕제2동,관내사전투표,3392,3389,1382,1965,3347,42,3
2600,부산광역시,북구제2선거구,5260802,2608,북구,만덕제2동,선거일투표,18053,7362,2927,4328,7255,107,10691
2600,부산광역시,북구제2선거구,5260802,2608,북구,만덕제3동,계,15607,8147,3074,4948,8022,125,7460
2600,부산광역시,북구제2선거구,5260802,2608,북구,만덕제3동,관내사전투표,2795,2794,1109,1646,2755,39,1
2600,부산광역시,북구제2선거구,5260802,2608,북구,만덕제3동,선거일투표,12812,5353,1965,3302,5267,86,7459
2600,부산광역시,북구제2선거구,5260802,2608,북구,잘못 투입·구분된 투표지,,0,11,4,7,11,0,-11
2600,부산광역시,북구제3선거구,5260803,2608,북구,합계,,48356,25027,8928,15375,24303,724,23329
2600,부산광역시,북구제3선거구,5260803,2608,북구,거소투표,,104,103,32,49,81,22,1
2600,부산광역시,북구제3선거구,5260803,2608,북구,관외사전투표,,2192,2191,973,1164,2137,54,1
2600,부산광역시,북구제3선거구,5260803,2608,북구,금곡동,계,32074,16177,5544,10099,15643,534,15897
2600,부산광역시,북구제3선거구,5260803,2608,북구,금곡동,관내사전투표,3205,3205,1244,1908,3152,53,0
2600,부산광역시,북구제3선거구,5260803,2608,북구,금곡동,선거일투표,28869,12972,4300,8191,12491,481,15897
2600,부산광역시,북구제3선거구,5260803,2608,북구,화명제2동,계,13986,6551,2378,4059,6437,114,7435
2600,부산광역시,북구제3선거구,5260803,2608,북구,화명제2동,관내사전투표,1920,1920,752,1128,1880,40,0
2600,부산광역시,북구제3선거구,5260803,2608,북구,화명제2동,선거일투표,12066,4631,1626,2931,4557,74,7435
2600,부산광역시,북구제3선거구,5260803,2608,북구,잘못 투입·구분된 투표지,,0,5,1,4,5,0,-5
2600,부산광역시,북구제4선거구,5260804,2608,북구,합계,,58132,31864,13329,17955,31284,580,26268
2600,부산광역시,북구제4선거구,5260804,2608,북구,거소투표,,64,59,20,36,56,3,5
2600,부산광역시,북구제4선거구,5260804,2608,북구,관외사전투표,,2773,2772,1280,1424,2704,68,1
2600,부산광역시,북구제4선거구,5260804,2608,북구,화명제1동,계,31954,16169,6564,9331,15895,274,15785
2600,부산광역시,북구제4선거구,5260804,2608,북구,화명제1동,관내사전투표,3577,3576,1532,1995,3527,49,1
2600,부산광역시,북구제4선거구,5260804,2608,북구,화명제1동,선거일투표,28377,12593,5032,7336,12368,225,15784
2600,부산광역시,북구제4선거구,5260804,2608,북구,화명제3동,계,23341,12851,5460,7156,12616,235,10490
2600,부산광역시,북구제4선거구,5260804,2608,북구,화명제3동,관내사전투표,3370,3369,1555,1770,3325,44,1
2600,부산광역시,북구제4선거구,5260804,2608,북구,화명제3동,선거일투표,19971,9482,3905,5386,9291,191,10489
2600,부산광역시,북구제4선거구,5260804,2608,북구,잘못 투입·구분된 투표지,,0,13,5,8,13,0,-13
2600,부산광역시,해운대구제1선거구,5260901,2609,해운대구,합계,,92157,45202,13299,31075,44374,828,46955
2600,부산광역시,해운대구제1선거구,5260901,2609,해운대구,거소투표,,106,96,31,49,80,16,10
2600,부산광역시,해운대구제1선거구,5260901,2609,해운대구,관외사전투표,,5667,5663,2041,3526,5567,96,4
2600,부산광역시,해운대구제1선거구,5260901,2609,해운대구,우제1동,계,18325,7866,2387,5311,7698,168,10459
2600,부산광역시,해운대구제1선거구,5260901,2609,해운대구,우제1동,관내사전투표,2081,2080,741,1312,2053,27,1
2600,부산광역시,해운대구제1선거구,5260901,2609,해운대구,우제1동,선거일투표,16244,5786,1646,3999,5645,141,10458
2600,부산광역시,해운대구제1선거구,5260901,2609,해운대구,우제2동,계,23917,11561,3493,7795,11288,273,12356
2600,부산광역시,해운대구제1선거구,5260901,2609,해운대구,우제2동,관내사전투표,3004,3003,1037,1917,2954,49,1
2600,부산광역시,해운대구제1선거구,5260901,2609,해운대구,우제2동,선거일투표,20913,8558,2456,5878,8334,224,12355
2600,부산광역시,해운대구제1선거구,5260901,2609,해운대구,우제3동,계,22232,10819,2436,8255,10691,128,11413
2600,부산광역시,해운대구제1선거구,5260901,2609,해운대구,우제3동,관내사전투표,3213,3212,816,2342,3158,54,1
2600,부산광역시,해운대구제1선거구,5260901,2609,해운대구,우제3동,선거일투표,19019,7607,1620,5913,7533,74,11412
2600,부산광역시,해운대구제1선거구,5260901,2609,해운대구,중제1동,계,21910,9182,2906,6131,9037,145,12728
2600,부산광역시,해운대구제1선거구,5260901,2609,해운대구,중제1동,관내사전투표,2367,2366,747,1588,2335,31,1
2600,부산광역시,해운대구제1선거구,5260901,2609,해운대구,중제1동,선거일투표,19543,6816,2159,4543,6702,114,12727
2600,부산광역시,해운대구제1선거구,5260901,2609,해운대구,잘못 투입·구분된 투표지,,0,15,5,8,13,2,-15
2600,부산광역시,해운대구제2선거구,5260902,2609,해운대구,합계,,98509,48445,19443,28041,47484,961,50064
2600,부산광역시,해운대구제2선거구,5260902,2609,해운대구,거소투표,,123,113,48,56,104,9,10
2600,부산광역시,해운대구제2선거구,5260902,2609,해운대구,관외사전투표,,4580,4577,2142,2326,4468,109,3
2600,부산광역시,해운대구제2선거구,5260902,2609,해운대구,중제2동,계,13036,5592,2067,3471,5538,54,7444
2600,부산광역시,해운대구제2선거구,5260902,2609,해운대구,중제2동,관내사전투표,1668,1668,676,962,1638,30,0
2600,부산광역시,해운대구제2선거구,5260902,2609,해운대구,중제2동,선거일투표,11368,3924,1391,2509,3900,24,7444
2600,부산광역시,해운대구제2선거구,5260902,2609,해운대구,좌제1동,계,14088,6277,2486,3670,6156,121,7811
2600,부산광역시,해운대구제2선거구,5260902,2609,해운대구,좌제1동,관내사전투표,1439,1439,625,781,1406,33,0
2600,부산광역시,해운대구제2선거구,5260902,2609,해운대구,좌제1동,선거일투표,12649,4838,1861,2889,4750,88,7811
2600,부산광역시,해운대구제2선거구,5260902,2609,해운대구,좌제2동,계,26281,11882,4690,6941,11631,251,14399
2600,부산광역시,해운대구제2선거구,5260902,2609,해운대구,좌제2동,관내사전투표,3715,3714,1588,2049,3637,77,1
2600,부산광역시,해운대구제2선거구,5260902,2609,해운대구,좌제2동,선거일투표,22566,8168,3102,4892,7994,174,14398
2600,부산광역시,해운대구제2선거구,5260902,2609,해운대구,좌제3동,계,12944,6292,2435,3735,6170,122,6652
2600,부산광역시,해운대구제2선거구,5260902,2609,해운대구,좌제3동,관내사전투표,2388,2388,993,1330,2323,65,0
2600,부산광역시,해운대구제2선거구,5260902,2609,해운대구,좌제3동,선거일투표,10556,3904,1442,2405,3847,57,6652
2600,부산광역시,해운대구제2선거구,5260902,2609,해운대구,좌제4동,계,18795,9952,4297,5506,9803,149,8843
2600,부산광역시,해운대구제2선거구,5260902,2609,해운대구,좌제4동,관내사전투표,3145,3145,1471,1621,3092,53,0
2600,부산광역시,해운대구제2선거구,5260902,2609,해운대구,좌제4동,선거일투표,15650,6807,2826,3885,6711,96,8843
2600,부산광역시,해운대구제2선거구,5260902,2609,해운대구,송정동,계,8662,3750,1272,2332,3604,146,4912
2600,부산광역시,해운대구제2선거구,5260902,2609,해운대구,송정동,관내사전투표,1182,1182,410,728,1138,44,0
2600,부산광역시,해운대구제2선거구,5260902,2609,해운대구,송정동,선거일투표,7480,2568,862,1604,2466,102,4912
2600,부산광역시,해운대구제2선거구,5260902,2609,해운대구,잘못 투입·구분된 투표지,,0,10,6,4,10,0,-10
2600,부산광역시,해운대구제3선거구,5260903,2609,해운대구,합계,,71176,32665,11744,20327,32071,594,38511
2600,부산광역시,해운대구제3선거구,5260903,2609,해운대구,거소투표,,101,94,31,51,82,12,7
2600,부산광역시,해운대구제3선거구,5260903,2609,해운대구,관외사전투표,,3447,3440,1430,1931,3361,79,7
2600,부산광역시,해운대구제3선거구,5260903,2609,해운대구,반여제2동,계,11349,5024,1751,3124,4875,149,6325
2600,부산광역시,해운대구제3선거구,5260903,2609,해운대구,반여제2동,관내사전투표,2021,2019,708,1254,1962,57,2
2600,부산광역시,해운대구제3선거구,5260903,2609,해운대구,반여제2동,선거일투표,9328,3005,1043,1870,2913,92,6323
2600,부산광역시,해운대구제3선거구,5260903,2609,해운대구,반여제3동,계,7664,3395,1188,2137,3325,70,4269
2600,부산광역시,해운대구제3선거구,5260903,2609,해운대구,반여제3동,관내사전투표,1384,1381,520,821,1341,40,3
2600,부산광역시,해운대구제3선거구,5260903,2609,해운대구,반여제3동,선거일투표,6280,2014,668,1316,1984,30,4266
2600,부산광역시,해운대구제3선거구,5260903,2609,해운대구,재송제1동,계,28177,12502,4240,8101,12341,161,15675
2600,부산광역시,해운대구제3선거구,5260903,2609,해운대구,재송제1동,관내사전투표,2921,2920,1086,1807,2893,27,1
2600,부산광역시,해운대구제3선거구,5260903,2609,해운대구,재송제1동,선거일투표,25256,9582,3154,6294,9448,134,15674
2600,부산광역시,해운대구제3선거구,5260903,2609,해운대구,재송제2동,계,20438,8197,3099,4975,8074,123,12241
2600,부산광역시,해운대구제3선거구,5260903,2609,해운대구,재송제2동,관내사전투표,2406,2406,964,1399,2363,43,0
2600,부산광역시,해운대구제3선거구,5260903,2609,해운대구,재송제2동,선거일투표,18032,5791,2135,3576,5711,80,12241
2600,부산광역시,해운대구제3선거구,5260903,2609,해운대구,잘못 투입·구분된 투표지,,0,13,5,8,13,0,-13
2600,부산광역시,해운대구제4선거구,5260904,2609,해운대구,합계,,76116,38401,13355,23998,37353,1048,37715
2600,부산광역시,해운대구제4선거구,5260904,2609,해운대구,거소투표,,138,123,40,73,113,10,15
2600,부산광역시,해운대구제4선거구,5260904,2609,해운대구,관외사전투표,,2875,2873,1173,1611,2784,89,2
2600,부산광역시,해운대구제4선거구,5260904,2609,해운대구,반여제1동,계,27326,13589,5093,8269,13362,227,13737
2600,부산광역시,해운대구제4선거구,5260904,2609,해운대구,반여제1동,관내사전투표,2922,2918,1220,1651,2871,47,4
2600,부산광역시,해운대구제4선거구,5260904,2609,해운대구,반여제1동,선거일투표,24404,10671,3873,6618,10491,180,13733
2600,부산광역시,해운대구제4선거구,5260904,2609,해운대구,반여제4동,계,12819,6012,2090,3768,5858,154,6807
2600,부산광역시,해운대구제4선거구,5260904,2609,해운대구,반여제4동,관내사전투표,1795,1794,610,1136,1746,48,1
2600,부산광역시,해운대구제4선거구,5260904,2609,해운대구,반여제4동,선거일투표,11024,4218,1480,2632,4112,106,6806
2600,부산광역시,해운대구제4선거구,5260904,2609,해운대구,반송제1동,계,12561,5786,1753,3841,5594,192,6775
2600,부산광역시,해운대구제4선거구,5260904,2609,해운대구,반송제1동,관내사전투표,2630,2629,830,1704,2534,95,1
2600,부산광역시,해운대구제4선거구,5260904,2609,해운대구,반송제1동,선거일투표,9931,3157,923,2137,3060,97,6774
2600,부산광역시,해운대구제4선거구,5260904,2609,해운대구,반송제2동,계,20397,10003,3199,6428,9627,376,10394
2600,부산광역시,해운대구제4선거구,5260904,2609,해운대구,반송제2동,관내사전투표,3779,3773,1284,2397,3681,92,6
2600,부산광역시,해운대구제4선거구,5260904,2609,해운대구,반송제2동,선거일투표,16618,6230,1915,4031,5946,284,10388
2600,부산광역시,해운대구제4선거구,5260904,2609,해운대구,잘못 투입·구분된 투표지,,0,15,7,8,15,0,-15
2600,부산광역시,기장군제1선거구,5261001,2610,기장군,합계,,74702,34842,9998,22486,1574,34058,784,39860
2600,부산광역시,기장군제1선거구,5261001,2610,기장군,거소투표,,277,267,55,180,6,241,26,10
2600,부산광역시,기장군제1선거구,5261001,2610,기장군,관외사전투표,,3903,3901,1355,2319,158,3832,69,2
2600,부산광역시,기장군제1선거구,5261001,2610,기장군,기장읍,계,44443,18658,5016,12262,937,18215,443,25785
2600,부산광역시,기장군제1선거구,5261001,2610,기장군,기장읍,관내사전투표,5058,5051,1487,3226,231,4944,107,7
2600,부산광역시,기장군제1선거구,5261001,2610,기장군,기장읍,선거일투표,39385,13607,3529,9036,706,13271,336,25778
2600,부산광역시,기장군제1선거구,5261001,2610,기장군,일광읍,계,19612,8759,2713,5510,367,8590,169,10853
2600,부산광역시,기장군제1선거구,5261001,2610,기장군,일광읍,관내사전투표,2254,2252,705,1435,68,2208,44,2
2600,부산광역시,기장군제1선거구,5261001,2610,기장군,일광읍,선거일투표,17358,6507,2008,4075,299,6382,125,10851
2600,부산광역시,기장군제1선거구,5261001,2610,기장군,철마면,계,6467,3243,854,2207,106,3167,76,3224
2600,부산광역시,기장군제1선거구,5261001,2610,기장군,철마면,관내사전투표,515,515,146,336,16,498,17,0
2600,부산광역시,기장군제1선거구,5261001,2610,기장군,철마면,선거일투표,5952,2728,708,1871,90,2669,59,3224
2600,부산광역시,기장군제1선거구,5261001,2610,기장군,잘못 투입·구분된 투표지,,0,14,5,8,0,13,1,-14
2600,부산광역시,기장군제2선거구,5261002,2610,기장군,합계,,69169,29400,11044,17657,28701,699,39769
2600,부산광역시,기장군제2선거구,5261002,2610,기장군,거소투표,,126,120,32,81,113,7,6
2600,부산광역시,기장군제2선거구,5261002,2610,기장군,관외사전투표,,2944,2942,1241,1638,2879,63,2
2600,부산광역시,기장군제2선거구,5261002,2610,기장군,장안읍,계,7401,3590,942,2560,3502,88,3811
2600,부산광역시,기장군제2선거구,5261002,2610,기장군,장안읍,관내사전투표,905,905,281,603,884,21,0
2600,부산광역시,기장군제2선거구,5261002,2610,기장군,장안읍,선거일투표,6496,2685,661,1957,2618,67,3811
2600,부산광역시,기장군제2선거구,5261002,2610,기장군,정관읍,계,58698,22741,8825,13376,22201,540,35957
2600,부산광역시,기장군제2선거구,5261002,2610,기장군,정관읍,관내사전투표,5396,5395,2403,2919,5322,73,1
2600,부산광역시,기장군제2선거구,5261002,2610,기장군,정관읍,선거일투표,53302,17346,6422,10457,16879,467,35956
2600,부산광역시,기장군제2선거구,5261002,2610,기장군,잘못 투입·구분된 투표지,,0,7,4,2,6,1,-7
2600,부산광역시,사하구제1선거구,5261101,2611,사하구,합계,,52408,26228,9205,16603,25808,420,26180
2600,부산광역시,사하구제1선거구,5261101,2611,사하구,거소투표,,126,118,49,52,101,17,8
2600,부산광역시,사하구제1선거구,5261101,2611,사하구,관외사전투표,,2392,2392,1057,1284,2341,51,0
2600,부산광역시,사하구제1선거구,5261101,2611,사하구,괴정제1동,계,16407,8013,2719,5185,7904,109,8394
2600,부산광역시,사하구제1선거구,5261101,2611,사하구,괴정제1동,관내사전투표,2921,2916,1116,1764,2880,36,5
2600,부산광역시,사하구제1선거구,5261101,2611,사하구,괴정제1동,선거일투표,13486,5097,1603,3421,5024,73,8389
2600,부산광역시,사하구제1선거구,5261101,2611,사하구,괴정제2동,계,12060,5222,1819,3345,5164,58,6838
2600,부산광역시,사하구제1선거구,5261101,2611,사하구,괴정제2동,관내사전투표,1576,1573,564,995,1559,14,3
2600,부산광역시,사하구제1선거구,5261101,2611,사하구,괴정제2동,선거일투표,10484,3649,1255,2350,3605,44,6835
2600,부산광역시,사하구제1선거구,5261101,2611,사하구,괴정제3동,계,11357,5638,1959,3597,5556,82,5719
2600,부산광역시,사하구제1선거구,5261101,2611,사하구,괴정제3동,관내사전투표,2234,2232,826,1364,2190,42,2
2600,부산광역시,사하구제1선거구,5261101,2611,사하구,괴정제3동,선거일투표,9123,3406,1133,2233,3366,40,5717
2600,부산광역시,사하구제1선거구,5261101,2611,사하구,괴정제4동,계,10066,4832,1599,3131,4730,102,5234
2600,부산광역시,사하구제1선거구,5261101,2611,사하구,괴정제4동,관내사전투표,1753,1752,632,1060,1692,60,1
2600,부산광역시,사하구제1선거구,5261101,2611,사하구,괴정제4동,선거일투표,8313,3080,967,2071,3038,42,5233
2600,부산광역시,사하구제1선거구,5261101,2611,사하구,잘못 투입·구분된 투표지,,0,13,3,9,12,1,-13
2600,부산광역시,사하구제2선거구,5261102,2611,사하구,합계,,64646,30367,11738,18202,29940,427,34279
2600,부산광역시,사하구제2선거구,5261102,2611,사하구,거소투표,,95,90,23,59,82,8,5
2600,부산광역시,사하구제2선거구,5261102,2611,사하구,관외사전투표,,3074,3074,1427,1579,3006,68,0
2600,부산광역시,사하구제2선거구,5261102,2611,사하구,당리동,계,21782,10313,3775,6414,10189,124,11469
2600,부산광역시,사하구제2선거구,5261102,2611,사하구,당리동,관내사전투표,3345,3345,1299,1997,3296,49,0
2600,부산광역시,사하구제2선거구,5261102,2611,사하구,당리동,선거일투표,18437,6968,2476,4417,6893,75,11469
2600,부산광역시,사하구제2선거구,5261102,2611,사하구,하단제1동,계,18362,8267,3176,4971,8147,120,10095
2600,부산광역시,사하구제2선거구,5261102,2611,사하구,하단제1동,관내사전투표,2463,2463,1040,1361,2401,62,0
2600,부산광역시,사하구제2선거구,5261102,2611,사하구,하단제1동,선거일투표,15899,5804,2136,3610,5746,58,10095
2600,부산광역시,사하구제2선거구,5261102,2611,사하구,하단제2동,계,21333,8620,3336,5177,8513,107,12713
2600,부산광역시,사하구제2선거구,5261102,2611,사하구,하단제2동,관내사전투표,2329,2329,1035,1270,2305,24,0
2600,부산광역시,사하구제2선거구,5261102,2611,사하구,하단제2동,선거일투표,19004,6291,2301,3907,6208,83,12713
2600,부산광역시,사하구제2선거구,5261102,2611,사하구,잘못 투입·구분된 투표지,,0,3,1,2,3,0,-3
2600,부산광역시,사하구제3선거구,5261103,2611,사하구,합계,,62909,28877,10807,17624,28431,446,34032
2600,부산광역시,사하구제3선거구,5261103,2611,사하구,거소투표,,98,96,36,55,91,5,2
2600,부산광역시,사하구제3선거구,5261103,2611,사하구,관외사전투표,,2563,2562,1186,1315,2501,61,1
2600,부산광역시,사하구제3선거구,5261103,2611,사하구,신평제1동,계,14322,6068,2129,3850,5979,89,8254
2600,부산광역시,사하구제3선거구,5261103,2611,사하구,신평제1동,관내사전투표,2274,2270,828,1405,2233,37,4
2600,부산광역시,사하구제3선거구,5261103,2611,사하구,신평제1동,선거일투표,12048,3798,1301,2445,3746,52,8250
2600,부산광역시,사하구제3선거구,5261103,2611,사하구,신평제2동,계,14673,6246,2368,3805,6173,73,8427
2600,부산광역시,사하구제3선거구,5261103,2611,사하구,신평제2동,관내사전투표,2198,2198,894,1277,2171,27,0
2600,부산광역시,사하구제3선거구,5261103,2611,사하구,신평제2동,선거일투표,12475,4048,1474,2528,4002,46,8427
2600,부산광역시,사하구제3선거구,5261103,2611,사하구,구평동,계,10276,4208,1619,2543,4162,46,6068
2600,부산광역시,사하구제3선거구,5261103,2611,사하구,구평동,관내사전투표,1332,1332,535,778,1313,19,0
2600,부산광역시,사하구제3선거구,5261103,2611,사하구,구평동,선거일투표,8944,2876,1084,1765,2849,27,6068
2600,부산광역시,사하구제3선거구,5261103,2611,사하구,감천제1동,계,15864,7449,2644,4691,7335,114,8415
2600,부산광역시,사하구제3선거구,5261103,2611,사하구,감천제1동,관내사전투표,2203,2200,823,1314,2137,63,3
2600,부산광역시,사하구제3선거구,5261103,2611,사하구,감천제1동,선거일투표,13661,5249,1821,3377,5198,51,8412
2600,부산광역시,사하구제3선거구,5261103,2611,사하구,감천제2동,계,5113,2238,821,1359,2180,58,2875
2600,부산광역시,사하구제3선거구,5261103,2611,사하구,감천제2동,관내사전투표,755,755,292,426,718,37,0
2600,부산광역시,사하구제3선거구,5261103,2611,사하구,감천제2동,선거일투표,4358,1483,529,933,1462,21,2875
2600,부산광역시,사하구제3선거구,5261103,2611,사하구,잘못 투입·구분된 투표지,,0,10,4,6,10,0,-10
2600,부산광역시,사하구제4선거구,5261104,2611,사하구,합계,,88900,41042,14941,25482,40423,619,47858
2600,부산광역시,사하구제4선거구,5261104,2611,사하구,거소투표,,167,157,64,80,144,13,10
2600,부산광역시,사하구제4선거구,5261104,2611,사하구,관외사전투표,,3370,3369,1373,1910,3283,86,1
2600,부산광역시,사하구제4선거구,5261104,2611,사하구,장림제1동,계,8985,3786,1367,2360,3727,59,5199
2600,부산광역시,사하구제4선거구,5261104,2611,사하구,장림제1동,관내사전투표,1449,1449,514,906,1420,29,0
2600,부산광역시,사하구제4선거구,5261104,2611,사하구,장림제1동,선거일투표,7536,2337,853,1454,2307,30,5199
2600,부산광역시,사하구제4선거구,5261104,2611,사하구,장림제2동,계,22310,8678,2882,5693,8575,103,13632
2600,부산광역시,사하구제4선거구,5261104,2611,사하구,장림제2동,관내사전투표,2264,2261,763,1462,2225,36,3
2600,부산광역시,사하구제4선거구,5261104,2611,사하구,장림제2동,선거일투표,20046,6417,2119,4231,6350,67,13629
2600,부산광역시,사하구제4선거구,5261104,2611,사하구,다대제1동,계,31288,14071,5344,8515,13859,212,17217
2600,부산광역시,사하구제4선거구,5261104,2611,사하구,다대제1동,관내사전투표,3409,3408,1320,2036,3356,52,1
2600,부산광역시,사하구제4선거구,5261104,2611,사하구,다대제1동,선거일투표,27879,10663,4024,6479,10503,160,17216
2600,부산광역시,사하구제4선거구,5261104,2611,사하구,다대제2동,계,22780,10973,3911,6916,10827,146,11807
2600,부산광역시,사하구제4선거구,5261104,2611,사하구,다대제2동,관내사전투표,3252,3250,1161,2044,3205,45,2
2600,부산광역시,사하구제4선거구,5261104,2611,사하구,다대제2동,선거일투표,19528,7723,2750,4872,7622,101,11805
2600,부산광역시,사하구제4선거구,5261104,2611,사하구,잘못 투입·구분된 투표지,,0,8,0,8,8,0,-8
2600,부산광역시,금정구제1선거구,5261201,2612,금정구,합계,,103695,52996,16956,34476,51432,1564,50699
2600,부산광역시,금정구제1선거구,5261201,2612,금정구,거소투표,,161,150,47,93,140,10,11
2600,부산광역시,금정구제1선거구,5261201,2612,금정구,관외사전투표,,4809,4805,1983,2715,4698,107,4
2600,부산광역시,금정구제1선거구,5261201,2612,금정구,서제1동,계,4812,2168,578,1495,2073,95,2644
2600,부산광역시,금정구제1선거구,5261201,2612,금정구,서제1동,관내사전투표,829,829,236,569,805,24,0
2600,부산광역시,금정구제1선거구,5261201,2612,금정구,서제1동,선거일투표,3983,1339,342,926,1268,71,2644
2600,부산광역시,금정구제1선거구,5261201,2612,금정구,서제2동,계,8134,3694,1012,2599,3611,83,4440
2600,부산광역시,금정구제1선거구,5261201,2612,금정구,서제2동,관내사전투표,1312,1312,383,883,1266,46,0
2600,부산광역시,금정구제1선거구,5261201,2612,금정구,서제2동,선거일투표,6822,2382,629,1716,2345,37,4440
2600,부산광역시,금정구제1선거구,5261201,2612,금정구,서제3동,계,10003,4606,1315,3095,4410,196,5397
2600,부산광역시,금정구제1선거구,5261201,2612,금정구,서제3동,관내사전투표,1894,1894,583,1256,1839,55,0
2600,부산광역시,금정구제1선거구,5261201,2612,금정구,서제3동,선거일투표,8109,2712,732,1839,2571,141,5397
2600,부산광역시,금정구제1선거구,5261201,2612,금정구,금사회동동,계,7100,3329,883,2352,3235,94,3771
2600,부산광역시,금정구제1선거구,5261201,2612,금정구,금사회동동,관내사전투표,1370,1370,405,917,1322,48,0
2600,부산광역시,금정구제1선거구,5261201,2612,금정구,금사회동동,선거일투표,5730,1959,478,1435,1913,46,3771
2600,부산광역시,금정구제1선거구,5261201,2612,금정구,부곡제1동,계,7356,3653,1027,2433,3460,193,3703
2600,부산광역시,금정구제1선거구,5261201,2612,금정구,부곡제1동,관내사전투표,1549,1549,462,1043,1505,44,0
2600,부산광역시,금정구제1선거구,5261201,2612,금정구,부곡제1동,선거일투표,5807,2104,565,1390,1955,149,3703
2600,부산광역시,금정구제1선거구,5261201,2612,금정구,부곡제2동,계,14883,7474,2617,4730,7347,127,7409
2600,부산광역시,금정구제1선거구,5261201,2612,금정구,부곡제2동,관내사전투표,2365,2365,875,1426,2301,64,0
2600,부산광역시,금정구제1선거구,5261201,2612,금정구,부곡제2동,선거일투표,12518,5109,1742,3304,5046,63,7409
2600,부산광역시,금정구제1선거구,5261201,2612,금정구,부곡제3동,계,12974,6638,2289,4083,6372,266,6336
2600,부산광역시,금정구제1선거구,5261201,2612,금정구,부곡제3동,관내사전투표,2377,2376,895,1420,2315,61,1
2600,부산광역시,금정구제1선거구,5261201,2612,금정구,부곡제3동,선거일투표,10597,4262,1394,2663,4057,205,6335
2600,부산광역시,금정구제1선거구,5261201,2612,금정구,부곡제4동,계,10952,5434,1632,3647,5279,155,5518
2600,부산광역시,금정구제1선거구,5261201,2612,금정구,부곡제4동,관내사전투표,2265,2265,726,1490,2216,49,0
2600,부산광역시,금정구제1선거구,5261201,2612,금정구,부곡제4동,선거일투표,8687,3169,906,2157,3063,106,5518
2600,부산광역시,금정구제1선거구,5261201,2612,금정구,장전제2동,계,20453,9917,3316,6406,9722,195,10536
2600,부산광역시,금정구제1선거구,5261201,2612,금정구,장전제2동,관내사전투표,2888,2888,1062,1762,2824,64,0
2600,부산광역시,금정구제1선거구,5261201,2612,금정구,장전제2동,선거일투표,17565,7029,2254,4644,6898,131,10536
2600,부산광역시,금정구제1선거구,5261201,2612,금정구,선두구동,계,2058,1120,255,823,1078,42,938
2600,부산광역시,금정구제1선거구,5261201,2612,금정구,선두구동,관내사전투표,430,430,115,301,416,14,0
2600,부산광역시,금정구제1선거구,5261201,2612,금정구,선두구동,선거일투표,1628,690,140,522,662,28,938
2600,부산광역시,금정구제1선거구,5261201,2612,금정구,잘못 투입·구분된 투표지,,0,8,2,5,7,1,-8
2600,부산광역시,금정구제2선거구,5261202,2612,금정구,합계,,96750,49865,16453,32185,48638,1227,46885
2600,부산광역시,금정구제2선거구,5261202,2612,금정구,거소투표,,128,121,34,80,114,7,7
2600,부산광역시,금정구제2선거구,5261202,2612,금정구,관외사전투표,,5622,5622,2379,3123,5502,120,0
2600,부산광역시,금정구제2선거구,5261202,2612,금정구,장전제1동,계,15220,6549,2328,4002,6330,219,8671
2600,부산광역시,금정구제2선거구,5261202,2612,금정구,장전제1동,관내사전투표,2293,2292,923,1311,2234,58,1
2600,부산광역시,금정구제2선거구,5261202,2612,금정구,장전제1동,선거일투표,12927,4257,1405,2691,4096,161,8670
2600,부산광역시,금정구제2선거구,5261202,2612,금정구,청룡노포동,계,8129,4135,1168,2855,4023,112,3994
2600,부산광역시,금정구제2선거구,5261202,2612,금정구,청룡노포동,관내사전투표,1675,1675,514,1125,1639,36,0
2600,부산광역시,금정구제2선거구,5261202,2612,금정구,청룡노포동,선거일투표,6454,2460,654,1730,2384,76,3994
2600,부산광역시,금정구제2선거구,5261202,2612,금정구,남산동,계,24393,11142,3327,7596,10923,219,13251
2600,부산광역시,금정구제2선거구,5261202,2612,금정구,남산동,관내사전투표,3599,3599,1115,2433,3548,51,0
2600,부산광역시,금정구제2선거구,5261202,2612,금정구,남산동,선거일투표,20794,7543,2212,5163,7375,168,13251
2600,부산광역시,금정구제2선거구,5261202,2612,금정구,구서제1동,계,15875,7955,2577,5164,7741,214,7920
2600,부산광역시,금정구제2선거구,5261202,2612,금정구,구서제1동,관내사전투표,3266,3266,1163,2052,3215,51,0
2600,부산광역시,금정구제2선거구,5261202,2612,금정구,구서제1동,선거일투표,12609,4689,1414,3112,4526,163,7920
2600,부산광역시,금정구제2선거구,5261202,2612,금정구,구서제2동,계,26566,13846,4489,9041,13530,316,12720
2600,부산광역시,금정구제2선거구,5261202,2612,금정구,구서제2동,관내사전투표,4023,4022,1436,2477,3913,109,1
2600,부산광역시,금정구제2선거구,5261202,2612,금정구,구서제2동,선거일투표,22543,9824,3053,6564,9617,207,12719
2600,부산광역시,금정구제2선거구,5261202,2612,금정구,금성동,계,817,490,151,319,470,20,327
2600,부산광역시,금정구제2선거구,5261202,2612,금정구,금성동,관내사전투표,165,165,64,99,163,2,0
2600,부산광역시,금정구제2선거구,5261202,2612,금정구,금성동,선거일투표,652,325,87,220,307,18,327
2600,부산광역시,금정구제2선거구,5261202,2612,금정구,잘못 투입·구분된 투표지,,0,5,0,5,5,0,-5
2600,부산광역시,강서구제1선거구,5261301,2613,강서구,합계,,58235,27516,11262,15662,26924,592,30719
2600,부산광역시,강서구제1선거구,5261301,2613,강서구,거소투표,,71,66,20,39,59,7,5
2600,부산광역시,강서구제1선거구,5261301,2613,강서구,관외사전투표,,3148,3146,1293,1781,3074,72,2
2600,부산광역시,강서구제1선거구,5261301,2613,강서구,대저1동,계,5741,2810,889,1835,2724,86,2931
2600,부산광역시,강서구제1선거구,5261301,2613,강서구,대저1동,관내사전투표,902,902,321,560,881,21,0
2600,부산광역시,강서구제1선거구,5261301,2613,강서구,대저1동,선거일투표,4839,1908,568,1275,1843,65,2931
2600,부산광역시,강서구제1선거구,5261301,2613,강서구,대저2동,계,5822,2781,1179,1506,2685,96,3041
2600,부산광역시,강서구제1선거구,5261301,2613,강서구,대저2동,관내사전투표,905,905,369,509,878,27,0
2600,부산광역시,강서구제1선거구,5261301,2613,강서구,대저2동,선거일투표,4917,1876,810,997,1807,69,3041
2600,부산광역시,강서구제1선거구,5261301,2613,강서구,강동동,계,3789,1950,568,1305,1873,77,1839
2600,부산광역시,강서구제1선거구,5261301,2613,강서구,강동동,관내사전투표,639,638,200,423,623,15,1
2600,부산광역시,강서구제1선거구,5261301,2613,강서구,강동동,선거일투표,3150,1312,368,882,1250,62,1838
2600,부산광역시,강서구제1선거구,5261301,2613,강서구,명지1동,계,37623,15703,6974,8501,15475,228,21920
2600,부산광역시,강서구제1선거구,5261301,2613,강서구,명지1동,관내사전투표,3557,3556,1690,1824,3514,42,1
2600,부산광역시,강서구제1선거구,5261301,2613,강서구,명지1동,선거일투표,34066,12147,5284,6677,11961,186,21919
2600,부산광역시,강서구제1선거구,5261301,2613,강서구,가락동,계,2041,1055,338,692,1030,25,986
2600,부산광역시,강서구제1선거구,5261301,2613,강서구,가락동,관내사전투표,434,433,154,274,428,5,1
2600,부산광역시,강서구제1선거구,5261301,2613,강서구,가락동,선거일투표,1607,622,184,418,602,20,985
2600,부산광역시,강서구제1선거구,5261301,2613,강서구,잘못 투입·구분된 투표지,,0,5,1,3,4,1,-5
2600,부산광역시,강서구제2선거구,5261302,2613,강서구,합계,,54624,23969,9795,13597,23392,577,30655
2600,부산광역시,강서구제2선거구,5261302,2613,강서구,거소투표,,55,50,25,21,46,4,5
2600,부산광역시,강서구제2선거구,5261302,2613,강서구,관외사전투표,,2559,2558,1077,1427,2504,54,1
2600,부산광역시,강서구제2선거구,5261302,2613,강서구,명지2동,계,21666,10620,4559,5882,10441,179,11046
2600,부산광역시,강서구제2선거구,5261302,2613,강서구,명지2동,관내사전투표,3391,3390,1579,1781,3360,30,1
2600,부산광역시,강서구제2선거구,5261302,2613,강서구,명지2동,선거일투표,18275,7230,2980,4101,7081,149,11045
2600,부산광역시,강서구제2선거구,5261302,2613,강서구,녹산동,계,26922,9081,3604,5209,8813,268,17841
2600,부산광역시,강서구제2선거구,5261302,2613,강서구,녹산동,관내사전투표,930,930,379,536,915,15,0
2600,부산광역시,강서구제2선거구,5261302,2613,강서구,녹산동,선거일투표,25992,8151,3225,4673,7898,253,17841
2600,부산광역시,강서구제2선거구,5261302,2613,강서구,가덕도동,계,3422,1648,526,1051,1577,71,1774
2600,부산광역시,강서구제2선거구,5261302,2613,강서구,가덕도동,관내사전투표,605,605,208,377,585,20,0
2600,부산광역시,강서구제2선거구,5261302,2613,강서구,가덕도동,선거일투표,2817,1043,318,674,992,51,1774
2600,부산광역시,강서구제2선거구,5261302,2613,강서구,잘못 투입·구분된 투표지,,0,12,4,7,11,1,-12
2600,부산광역시,연제구제1선거구,5261401,2614,연제구,합계,,98886,50800,18636,31417,50053,747,48086
2600,부산광역시,연제구제1선거구,5261401,2614,연제구,거소투표,,126,119,45,59,104,15,7
2600,부산광역시,연제구제1선거구,5261401,2614,연제구,관외사전투표,,5408,5401,2450,2836,5286,115,7
2600,부산광역시,연제구제1선거구,5261401,2614,연제구,거제제1동,계,21944,11410,4405,6892,11297,113,10534
2600,부산광역시,연제구제1선거구,5261401,2614,연제구,거제제1동,관내사전투표,2223,2222,979,1221,2200,22,1
2600,부산광역시,연제구제1선거구,5261401,2614,연제구,거제제1동,선거일투표,19721,9188,3426,5671,9097,91,10533
2600,부산광역시,연제구제1선거구,5261401,2614,연제구,거제제2동,계,9375,5005,1753,3198,4951,54,4370
2600,부산광역시,연제구제1선거구,5261401,2614,연제구,거제제2동,관내사전투표,1682,1682,575,1083,1658,24,0
2600,부산광역시,연제구제1선거구,5261401,2614,연제구,거제제2동,선거일투표,7693,3323,1178,2115,3293,30,4370
2600,부산광역시,연제구제1선거구,5261401,2614,연제구,거제제3동,계,8550,4492,1453,2942,4395,97,4058
2600,부산광역시,연제구제1선거구,5261401,2614,연제구,거제제3동,관내사전투표,1702,1702,576,1061,1637,65,0
2600,부산광역시,연제구제1선거구,5261401,2614,연제구,거제제3동,선거일투표,6848,2790,877,1881,2758,32,4058
2600,부산광역시,연제구제1선거구,5261401,2614,연제구,거제제4동,계,8376,4077,1388,2636,4024,53,4299
2600,부산광역시,연제구제1선거구,5261401,2614,연제구,거제제4동,관내사전투표,1410,1408,538,838,1376,32,2
2600,부산광역시,연제구제1선거구,5261401,2614,연제구,거제제4동,선거일투표,6966,2669,850,1798,2648,21,4297
2600,부산광역시,연제구제1선거구,5261401,2614,연제구,연산제2동,계,16519,8210,2961,5133,8094,116,8309
2600,부산광역시,연제구제1선거구,5261401,2614,연제구,연산제2동,관내사전투표,2183,2183,844,1286,2130,53,0
2600,부산광역시,연제구제1선거구,5261401,2614,연제구,연산제2동,선거일투표,14336,6027,2117,3847,5964,63,8309
2600,부산광역시,연제구제1선거구,5261401,2614,연제구,연산제4동,계,13964,6438,2071,4262,6333,105,7526
2600,부산광역시,연제구제1선거구,5261401,2614,연제구,연산제4동,관내사전투표,1966,1966,621,1292,1913,53,0
2600,부산광역시,연제구제1선거구,5261401,2614,연제구,연산제4동,선거일투표,11998,4472,1450,2970,4420,52,7526
2600,부산광역시,연제구제1선거구,5261401,2614,연제구,연산제5동,계,14624,5636,2104,3453,5557,79,8988
2600,부산광역시,연제구제1선거구,5261401,2614,연제구,연산제5동,관내사전투표,1923,1923,774,1118,1892,31,0
2600,부산광역시,연제구제1선거구,5261401,2614,연제구,연산제5동,선거일투표,12701,3713,1330,2335,3665,48,8988
2600,부산광역시,연제구제1선거구,5261401,2614,연제구,잘못 투입·구분된 투표지,,0,12,6,6,12,0,-12
2600,부산광역시,연제구제2선거구,5261402,2614,연제구,합계,,81287,41249,14456,26184,40640,609,40038
2600,부산광역시,연제구제2선거구,5261402,2614,연제구,거소투표,,108,101,31,62,93,8,7
2600,부산광역시,연제구제2선거구,5261402,2614,연제구,관외사전투표,,4897,4895,2092,2707,4799,96,2
2600,부산광역시,연제구제2선거구,5261402,2614,연제구,연산제1동,계,13583,6366,2060,4234,6294,72,7217
2600,부산광역시,연제구제2선거구,5261402,2614,연제구,연산제1동,관내사전투표,1905,1905,631,1246,1877,28,0
2600,부산광역시,연제구제2선거구,5261402,2614,연제구,연산제1동,선거일투표,11678,4461,1429,2988,4417,44,7217
2600,부산광역시,연제구제2선거구,5261402,2614,연제구,연산제3동,계,9168,4391,1544,2795,4339,52,4777
2600,부산광역시,연제구제2선거구,5261402,2614,연제구,연산제3동,관내사전투표,1302,1302,475,807,1282,20,0
2600,부산광역시,연제구제2선거구,5261402,2614,연제구,연산제3동,선거일투표,7866,3089,1069,1988,3057,32,4777
2600,부산광역시,연제구제2선거구,5261402,2614,연제구,연산제6동,계,13901,6303,2075,4143,6218,85,7598
2600,부산광역시,연제구제2선거구,5261402,2614,연제구,연산제6동,관내사전투표,1431,1430,497,902,1399,31,1
2600,부산광역시,연제구제2선거구,5261402,2614,연제구,연산제6동,선거일투표,12470,4873,1578,3241,4819,54,7597
2600,부산광역시,연제구제2선거구,5261402,2614,연제구,연산제8동,계,11543,5826,2087,3652,5739,87,5717
2600,부산광역시,연제구제2선거구,5261402,2614,연제구,연산제8동,관내사전투표,1697,1697,668,993,1661,36,0
2600,부산광역시,연제구제2선거구,5261402,2614,연제구,연산제8동,선거일투표,9846,4129,1419,2659,4078,51,5717
2600,부산광역시,연제구제2선거구,5261402,2614,연제구,연산제9동,계,28087,13362,4566,8588,13154,208,14725
2600,부산광역시,연제구제2선거구,5261402,2614,연제구,연산제9동,관내사전투표,2701,2701,1025,1610,2635,66,0
2600,부산광역시,연제구제2선거구,5261402,2614,연제구,연산제9동,선거일투표,25386,10661,3541,6978,10519,142,14725
2600,부산광역시,연제구제2선거구,5261402,2614,연제구,잘못 투입·구분된 투표지,,0,5,1,3,4,1,-5
2600,부산광역시,수영구제1선거구,5261501,2615,수영구,합계,,84216,39370,13520,25122,38642,728,44846
2600,부산광역시,수영구제1선거구,5261501,2615,수영구,거소투표,,143,138,44,83,127,11,5
2600,부산광역시,수영구제1선거구,5261501,2615,수영구,관외사전투표,,4501,4499,2004,2403,4407,92,2
2600,부산광역시,수영구제1선거구,5261501,2615,수영구,남천제1동,계,11401,5154,1655,3413,5068,86,6247
2600,부산광역시,수영구제1선거구,5261501,2615,수영구,남천제1동,관내사전투표,1280,1280,514,746,1260,20,0
2600,부산광역시,수영구제1선거구,5261501,2615,수영구,남천제1동,선거일투표,10121,3874,1141,2667,3808,66,6247
2600,부산광역시,수영구제1선거구,5261501,2615,수영구,남천제2동,계,10083,5230,1461,3691,5152,78,4853
2600,부산광역시,수영구제1선거구,5261501,2615,수영구,남천제2동,관내사전투표,1812,1810,577,1208,1785,25,2
2600,부산광역시,수영구제1선거구,5261501,2615,수영구,남천제2동,선거일투표,8271,3420,884,2483,3367,53,4851
2600,부산광역시,수영구제1선거구,5261501,2615,수영구,광안제1동,계,22356,9115,3191,5739,8930,185,13241
2600,부산광역시,수영구제1선거구,5261501,2615,수영구,광안제1동,관내사전투표,3047,3044,1135,1832,2967,77,3
2600,부산광역시,수영구제1선거구,5261501,2615,수영구,광안제1동,선거일투표,19309,6071,2056,3907,5963,108,13238
2600,부산광역시,수영구제1선거구,5261501,2615,수영구,광안제2동,계,15884,6682,2264,4285,6549,133,9202
2600,부산광역시,수영구제1선거구,5261501,2615,수영구,광안제2동,관내사전투표,2540,2540,898,1591,2489,51,0
2600,부산광역시,수영구제1선거구,5261501,2615,수영구,광안제2동,선거일투표,13344,4142,1366,2694,4060,82,9202
2600,부산광역시,수영구제1선거구,5261501,2615,수영구,광안제3동,계,8636,3521,1103,2355,3458,63,5115
2600,부산광역시,수영구제1선거구,5261501,2615,수영구,광안제3동,관내사전투표,1375,1371,445,890,1335,36,4
2600,부산광역시,수영구제1선거구,5261501,2615,수영구,광안제3동,선거일투표,7261,2150,658,1465,2123,27,5111
2600,부산광역시,수영구제1선거구,5261501,2615,수영구,광안제4동,계,11212,5018,1794,3145,4939,79,6194
2600,부산광역시,수영구제1선거구,5261501,2615,수영구,광안제4동,관내사전투표,1860,1859,690,1143,1833,26,1
2600,부산광역시,수영구제1선거구,5261501,2615,수영구,광안제4동,선거일투표,9352,3159,1104,2002,3106,53,6193
2600,부산광역시,수영구제1선거구,5261501,2615,수영구,잘못 투입·구분된 투표지,,0,13,4,8,12,1,-13
2600,부산광역시,수영구제2선거구,5261502,2615,수영구,합계,,72031,35535,10740,24106,34846,689,36496
2600,부산광역시,수영구제2선거구,5261502,2615,수영구,거소투표,,103,96,31,54,85,11,7
2600,부산광역시,수영구제2선거구,5261502,2615,수영구,관외사전투표,,3888,3883,1514,2291,3805,78,5
2600,부산광역시,수영구제2선거구,5261502,2615,수영구,수영동,계,13200,6811,1885,4808,6693,118,6389
2600,부산광역시,수영구제2선거구,5261502,2615,수영구,수영동,관내사전투표,2444,2437,669,1703,2372,65,7
2600,부산광역시,수영구제2선거구,5261502,2615,수영구,수영동,선거일투표,10756,4374,1216,3105,4321,53,6382
2600,부산광역시,수영구제2선거구,5261502,2615,수영구,망미제1동,계,22816,10782,3182,7402,10584,198,12034
2600,부산광역시,수영구제2선거구,5261502,2615,수영구,망미제1동,관내사전투표,3408,3405,1070,2280,3350,55,3
2600,부산광역시,수영구제2선거구,5261502,2615,수영구,망미제1동,선거일투표,19408,7377,2112,5122,7234,143,12031
2600,부산광역시,수영구제2선거구,5261502,2615,수영구,망미제2동,계,8848,4097,1244,2750,3994,103,4751
2600,부산광역시,수영구제2선거구,5261502,2615,수영구,망미제2동,관내사전투표,1015,1015,322,679,1001,14,0
2600,부산광역시,수영구제2선거구,5261502,2615,수영구,망미제2동,선거일투표,7833,3082,922,2071,2993,89,4751
2600,부산광역시,수영구제2선거구,5261502,2615,수영구,민락동,계,23176,9841,2877,6784,9661,180,13335
2600,부산광역시,수영구제2선거구,5261502,2615,수영구,민락동,관내사전투표,2853,2852,881,1903,2784,68,1
2600,부산광역시,수영구제2선거구,5261502,2615,수영구,민락동,선거일투표,20323,6989,1996,4881,6877,112,13334
2600,부산광역시,수영구제2선거구,5261502,2615,수영구,잘못 투입·구분된 투표지,,0,25,7,17,24,1,-25
2600,부산광역시,사상구제1선거구,5261601,2616,사상구,합계,,92064,43172,16191,26029,42220,952,48892
2600,부산광역시,사상구제1선거구,5261601,2616,사상구,거소투표,,182,171,62,84,146,25,11
2600,부산광역시,사상구제1선거구,5261601,2616,사상구,관외사전투표,,3422,3422,1516,1829,3345,77,0
2600,부산광역시,사상구제1선거구,5261601,2616,사상구,삼락동,계,5081,2295,860,1353,2213,82,2786
2600,부산광역시,사상구제1선거구,5261601,2616,사상구,삼락동,관내사전투표,1049,1049,442,573,1015,34,0
2600,부산광역시,사상구제1선거구,5261601,2616,사상구,삼락동,선거일투표,4032,1246,418,780,1198,48,2786
2600,부산광역시,사상구제1선거구,5261601,2616,사상구,모라제1동,계,23817,10789,3850,6755,10605,184,13028
2600,부산광역시,사상구제1선거구,5261601,2616,사상구,모라제1동,관내사전투표,3867,3867,1400,2404,3804,63,0
2600,부산광역시,사상구제1선거구,5261601,2616,사상구,모라제1동,선거일투표,19950,6922,2450,4351,6801,121,13028
2600,부산광역시,사상구제1선거구,5261601,2616,사상구,모라제3동,계,9456,4724,1606,3015,4621,103,4732
2600,부산광역시,사상구제1선거구,5261601,2616,사상구,모라제3동,관내사전투표,1849,1844,639,1154,1793,51,5
2600,부산광역시,사상구제1선거구,5261601,2616,사상구,모라제3동,선거일투표,7607,2880,967,1861,2828,52,4727
2600,부산광역시,사상구제1선거구,5261601,2616,사상구,덕포제1동,계,8243,4230,1666,2476,4142,88,4013
2600,부산광역시,사상구제1선거구,5261601,2616,사상구,덕포제1동,관내사전투표,1974,1972,760,1152,1912,60,2
2600,부산광역시,사상구제1선거구,5261601,2616,사상구,덕포제1동,선거일투표,6269,2258,906,1324,2230,28,4011
2600,부산광역시,사상구제1선거구,5261601,2616,사상구,덕포제2동,계,10655,4940,1994,2870,4864,76,5715
2600,부산광역시,사상구제1선거구,5261601,2616,사상구,덕포제2동,관내사전투표,1377,1377,537,798,1335,42,0
2600,부산광역시,사상구제1선거구,5261601,2616,사상구,덕포제2동,선거일투표,9278,3563,1457,2072,3529,34,5715
2600,부산광역시,사상구제1선거구,5261601,2616,사상구,괘법동,계,19938,7977,3141,4641,7782,195,11961
2600,부산광역시,사상구제1선거구,5261601,2616,사상구,괘법동,관내사전투표,2108,2104,840,1207,2047,57,4
2600,부산광역시,사상구제1선거구,5261601,2616,사상구,괘법동,선거일투표,17830,5873,2301,3434,5735,138,11957
2600,부산광역시,사상구제1선거구,5261601,2616,사상구,감전동,계,11270,4607,1490,2998,4488,119,6663
2600,부산광역시,사상구제1선거구,5261601,2616,사상구,감전동,관내사전투표,1002,1001,346,632,978,23,1
2600,부산광역시,사상구제1선거구,5261601,2616,사상구,감전동,선거일투표,10268,3606,1144,2366,3510,96,6662
2600,부산광역시,사상구제1선거구,5261601,2616,사상구,잘못 투입·구분된 투표지,,0,17,6,8,14,3,-17
2600,부산광역시,사상구제2선거구,5261602,2616,사상구,합계,,92561,44497,16805,27025,43830,667,48064
2600,부산광역시,사상구제2선거구,5261602,2616,사상구,거소투표,,147,134,44,65,109,25,13
2600,부산광역시,사상구제2선거구,5261602,2616,사상구,관외사전투표,,3852,3852,1747,2026,3773,79,0
2600,부산광역시,사상구제2선거구,5261602,2616,사상구,주례제1동,계,12555,5659,1967,3616,5583,76,6896
2600,부산광역시,사상구제2선거구,5261602,2616,사상구,주례제1동,관내사전투표,1597,1595,556,1020,1576,19,2
2600,부산광역시,사상구제2선거구,5261602,2616,사상구,주례제1동,선거일투표,10958,4064,1411,2596,4007,57,6894
2600,부산광역시,사상구제2선거구,5261602,2616,사상구,주례제2동,계,19208,8085,2979,4993,7972,113,11123
2600,부산광역시,사상구제2선거구,5261602,2616,사상구,주례제2동,관내사전투표,1657,1657,635,991,1626,31,0
2600,부산광역시,사상구제2선거구,5261602,2616,사상구,주례제2동,선거일투표,17551,6428,2344,4002,6346,82,11123
2600,부산광역시,사상구제2선거구,5261602,2616,사상구,주례제3동,계,11211,5449,1900,3452,5352,97,5762
2600,부산광역시,사상구제2선거구,5261602,2616,사상구,주례제3동,관내사전투표,2199,2198,807,1338,2145,53,1
2600,부산광역시,사상구제2선거구,5261602,2616,사상구,주례제3동,선거일투표,9012,3251,1093,2114,3207,44,5761
2600,부산광역시,사상구제2선거구,5261602,2616,사상구,학장동,계,23575,11100,4266,6718,10984,116,12475
2600,부산광역시,사상구제2선거구,5261602,2616,사상구,학장동,관내사전투표,2669,2667,1044,1592,2636,31,2
2600,부산광역시,사상구제2선거구,5261602,2616,사상구,학장동,선거일투표,20906,8433,3222,5126,8348,85,12473
2600,부산광역시,사상구제2선거구,5261602,2616,사상구,엄궁동,계,22013,10205,3898,6147,10045,160,11808
2600,부산광역시,사상구제2선거구,5261602,2616,사상구,엄궁동,관내사전투표,3360,3359,1278,2014,3292,67,1
2600,부산광역시,사상구제2선거구,5261602,2616,사상구,엄궁동,선거일투표,18653,6846,2620,4133,6753,93,11807
2600,부산광역시,사상구제2선거구,5261602,2616,사상구,잘못 투입·구분된 투표지,,0,13,4,8,12,1,-132700,대구광역시,중구제1선거구,5270101,2701,중구,검색된 결과가 없습니다.
2700,대구광역시,중구제2선거구,5270102,2701,중구,합계,,37326,16716,3837,12525,16362,354,20610
2700,대구광역시,중구제2선거구,5270102,2701,중구,거소투표,,50,48,7,36,43,5,2
2700,대구광역시,중구제2선거구,5270102,2701,중구,관외사전투표,,1514,1514,468,1006,1474,40,0
2700,대구광역시,중구제2선거구,5270102,2701,중구,성내2동,계,4152,1496,314,1155,1469,27,2656
2700,대구광역시,중구제2선거구,5270102,2701,중구,성내2동,관내사전투표,397,397,105,285,390,7,0
2700,대구광역시,중구제2선거구,5270102,2701,중구,성내2동,선거일투표,3755,1099,209,870,1079,20,2656
2700,대구광역시,중구제2선거구,5270102,2701,중구,성내3동,계,3850,1640,336,1276,1612,28,2210
2700,대구광역시,중구제2선거구,5270102,2701,중구,성내3동,관내사전투표,567,567,156,397,553,14,0
2700,대구광역시,중구제2선거구,5270102,2701,중구,성내3동,선거일투표,3283,1073,180,879,1059,14,2210
2700,대구광역시,중구제2선거구,5270102,2701,중구,대신동,계,6382,2893,578,2250,2828,65,3489
2700,대구광역시,중구제2선거구,5270102,2701,중구,대신동,관내사전투표,1160,1160,245,882,1127,33,0
2700,대구광역시,중구제2선거구,5270102,2701,중구,대신동,선거일투표,5222,1733,333,1368,1701,32,3489
2700,대구광역시,중구제2선거구,5270102,2701,중구,남산2동,계,5362,2130,494,1594,2088,42,3232
2700,대구광역시,중구제2선거구,5270102,2701,중구,남산2동,관내사전투표,563,563,138,406,544,19,0
2700,대구광역시,중구제2선거구,5270102,2701,중구,남산2동,선거일투표,4799,1567,356,1188,1544,23,3232
2700,대구광역시,중구제2선거구,5270102,2701,중구,남산3동,계,5393,2310,607,1651,2258,52,3083
2700,대구광역시,중구제2선거구,5270102,2701,중구,남산3동,관내사전투표,789,789,200,562,762,27,0
2700,대구광역시,중구제2선거구,5270102,2701,중구,남산3동,선거일투표,4604,1521,407,1089,1496,25,3083
2700,대구광역시,중구제2선거구,5270102,2701,중구,남산4동,계,10623,4685,1033,3557,4590,95,5938
2700,대구광역시,중구제2선거구,5270102,2701,중구,남산4동,관내사전투표,1272,1272,294,947,1241,31,0
2700,대구광역시,중구제2선거구,5270102,2701,중구,남산4동,선거일투표,9351,3413,739,2610,3349,64,5938
2700,대구광역시,중구제2선거구,5270102,2701,중구,잘못 투입·구분된 투표지,,0,0,0,0,0,0,0
2700,대구광역시,동구제1선거구,5270201,2702,동구,검색된 결과가 없습니다.
2700,대구광역시,동구제2선거구,5270202,2702,동구,검색된 결과가 없습니다.
2700,대구광역시,동구제3선거구,5270203,2702,동구,검색된 결과가 없습니다.
2700,대구광역시,동구제4선거구,5270204,2702,동구,합계,,101909,43379,31079,10727,41806,1573,58530
2700,대구광역시,동구제4선거구,5270204,2702,동구,거소투표,,109,98,68,20,88,10,11
2700,대구광역시,동구제4선거구,5270204,2702,동구,관외사전투표,,4177,4176,2772,1245,4017,159,1
2700,대구광역시,동구제4선거구,5270204,2702,동구,안심1동,계,34386,13841,10146,3119,13265,576,20545
2700,대구광역시,동구제4선거구,5270204,2702,동구,안심1동,관내사전투표,3255,3251,2487,632,3119,132,4
2700,대구광역시,동구제4선거구,5270204,2702,동구,안심1동,선거일투표,31131,10590,7659,2487,10146,444,20541
2700,대구광역시,동구제4선거구,5270204,2702,동구,안심2동,계,9480,3943,3073,704,3777,166,5537
2700,대구광역시,동구제4선거구,5270204,2702,동구,안심2동,관내사전투표,1140,1140,874,222,1096,44,0
2700,대구광역시,동구제4선거구,5270204,2702,동구,안심2동,선거일투표,8340,2803,2199,482,2681,122,5537
2700,대구광역시,동구제4선거구,5270204,2702,동구,안심3동,계,17231,7398,5144,2047,7191,207,9833
2700,대구광역시,동구제4선거구,5270204,2702,동구,안심3동,관내사전투표,2559,2558,1776,708,2484,74,1
2700,대구광역시,동구제4선거구,5270204,2702,동구,안심3동,선거일투표,14672,4840,3368,1339,4707,133,9832
2700,대구광역시,동구제4선거구,5270204,2702,동구,안심4동,계,22340,8279,6206,1796,8002,277,14061
2700,대구광역시,동구제4선거구,5270204,2702,동구,안심4동,관내사전투표,1424,1424,1105,269,1374,50,0
2700,대구광역시,동구제4선거구,5270204,2702,동구,안심4동,선거일투표,20916,6855,5101,1527,6628,227,14061
2700,대구광역시,동구제4선거구,5270204,2702,동구,혁신동,계,14186,5635,3664,1793,5457,178,8551
2700,대구광역시,동구제4선거구,5270204,2702,동구,혁신동,관내사전투표,1667,1667,1074,523,1597,70,0
2700,대구광역시,동구제4선거구,5270204,2702,동구,혁신동,선거일투표,12519,3968,2590,1270,3860,108,8551
2700,대구광역시,동구제4선거구,5270204,2702,동구,잘못 투입·구분된 투표지,,0,9,6,3,9,0,-9
2700,대구광역시,서구제1선거구,5270301,2703,서구,검색된 결과가 없습니다.
2700,대구광역시,서구제2선거구,5270302,2703,서구,검색된 결과가 없습니다.
2700,대구광역시,남구제1선거구,5270401,2704,남구,검색된 결과가 없습니다.
2700,대구광역시,남구제2선거구,5270402,2704,남구,합계,,69527,29203,22385,5862,28247,956,40324
2700,대구광역시,남구제2선거구,5270402,2704,남구,거소투표,,66,62,47,6,53,9,4
2700,대구광역시,남구제2선거구,5270402,2704,남구,관외사전투표,,2815,2815,1946,767,2713,102,0
2700,대구광역시,남구제2선거구,5270402,2704,남구,대명1동,계,9902,4105,3194,790,3984,121,5797
2700,대구광역시,남구제2선거구,5270402,2704,남구,대명1동,관내사전투표,1370,1370,1054,268,1322,48,0
2700,대구광역시,남구제2선거구,5270402,2704,남구,대명1동,선거일투표,8532,2735,2140,522,2662,73,5797
2700,대구광역시,남구제2선거구,5270402,2704,남구,대명3동,계,9608,3602,2784,670,3454,148,6006
2700,대구광역시,남구제2선거구,5270402,2704,남구,대명3동,관내사전투표,1175,1174,881,215,1096,78,1
2700,대구광역시,남구제2선거구,5270402,2704,남구,대명3동,선거일투표,8433,2428,1903,455,2358,70,6005
2700,대구광역시,남구제2선거구,5270402,2704,남구,대명4동,계,9654,3904,3068,711,3779,125,5750
2700,대구광역시,남구제2선거구,5270402,2704,남구,대명4동,관내사전투표,1167,1167,903,208,1111,56,0
2700,대구광역시,남구제2선거구,5270402,2704,남구,대명4동,선거일투표,8487,2737,2165,503,2668,69,5750
2700,대구광역시,남구제2선거구,5270402,2704,남구,대명6동,계,8257,3210,2387,707,3094,116,5047
2700,대구광역시,남구제2선거구,5270402,2704,남구,대명6동,관내사전투표,1145,1143,826,255,1081,62,2
2700,대구광역시,남구제2선거구,5270402,2704,남구,대명6동,선거일투표,7112,2067,1561,452,2013,54,5045
2700,대구광역시,남구제2선거구,5270402,2704,남구,대명9동,계,13464,4940,3785,1026,4811,129,8524
2700,대구광역시,남구제2선거구,5270402,2704,남구,대명9동,관내사전투표,1836,1831,1390,386,1776,55,5
2700,대구광역시,남구제2선거구,5270402,2704,남구,대명9동,선거일투표,11628,3109,2395,640,3035,74,8519
2700,대구광역시,남구제2선거구,5270402,2704,남구,대명10동,계,8047,3404,2669,627,3296,108,4643
2700,대구광역시,남구제2선거구,5270402,2704,남구,대명10동,관내사전투표,1042,1042,802,197,999,43,0
2700,대구광역시,남구제2선거구,5270402,2704,남구,대명10동,선거일투표,7005,2362,1867,430,2297,65,4643
2700,대구광역시,남구제2선거구,5270402,2704,남구,대명11동,계,7714,3145,2494,555,3049,96,4569
2700,대구광역시,남구제2선거구,5270402,2704,남구,대명11동,관내사전투표,1004,1004,792,167,959,45,0
2700,대구광역시,남구제2선거구,5270402,2704,남구,대명11동,선거일투표,6710,2141,1702,388,2090,51,4569
2700,대구광역시,남구제2선거구,5270402,2704,남구,잘못 투입·구분된 투표지,,0,16,11,3,14,2,-16
2700,대구광역시,북구제1선거구,5270501,2705,북구,합계,,69028,31785,19153,11408,30561,1224,37243
2700,대구광역시,북구제1선거구,5270501,2705,북구,거소투표,,104,95,65,28,93,2,9
2700,대구광역시,북구제1선거구,5270501,2705,북구,관외사전투표,,2895,2894,1795,977,2772,122,1
2700,대구광역시,북구제1선거구,5270501,2705,북구,고성동,계,4305,2062,1275,722,1997,65,2243
2700,대구광역시,북구제1선거구,5270501,2705,북구,고성동,관내사전투표,975,975,581,355,936,39,0
2700,대구광역시,북구제1선거구,5270501,2705,북구,고성동,선거일투표,3330,1087,694,367,1061,26,2243
2700,대구광역시,북구제1선거구,5270501,2705,북구,칠성동,계,18266,7223,4252,2670,6922,301,11043
2700,대구광역시,북구제1선거구,5270501,2705,북구,칠성동,관내사전투표,1450,1450,865,522,1387,63,0
2700,대구광역시,북구제1선거구,5270501,2705,북구,칠성동,선거일투표,16816,5773,3387,2148,5535,238,11043
2700,대구광역시,북구제1선거구,5270501,2705,북구,침산1동,계,3585,1645,1004,587,1591,54,1940
2700,대구광역시,북구제1선거구,5270501,2705,북구,침산1동,관내사전투표,564,563,322,216,538,25,1
2700,대구광역시,북구제1선거구,5270501,2705,북구,침산1동,선거일투표,3021,1082,682,371,1053,29,1939
2700,대구광역시,북구제1선거구,5270501,2705,북구,침산2동,계,14050,6201,3690,2280,5970,231,7849
2700,대구광역시,북구제1선거구,5270501,2705,북구,침산2동,관내사전투표,1759,1759,1029,653,1682,77,0
2700,대구광역시,북구제1선거구,5270501,2705,북구,침산2동,선거일투표,12291,4442,2661,1627,4288,154,7849
2700,대구광역시,북구제1선거구,5270501,2705,북구,침산3동,계,15757,7067,4048,2700,6748,319,8690
2700,대구광역시,북구제1선거구,5270501,2705,북구,침산3동,관내사전투표,2199,2199,1269,839,2108,91,0
2700,대구광역시,북구제1선거구,5270501,2705,북구,침산3동,선거일투표,13558,4868,2779,1861,4640,228,8690
2700,대구광역시,북구제1선거구,5270501,2705,북구,노원동,계,10066,4592,3019,1443,4462,130,5474
2700,대구광역시,북구제1선거구,5270501,2705,북구,노원동,관내사전투표,1271,1271,827,407,1234,37,0
2700,대구광역시,북구제1선거구,5270501,2705,북구,노원동,선거일투표,8795,3321,2192,1036,3228,93,5474
2700,대구광역시,북구제1선거구,5270501,2705,북구,잘못 투입·구분된 투표지,,0,6,5,1,6,0,-6
2700,대구광역시,북구제2선거구,5270502,2705,북구,검색된 결과가 없습니다.
2700,대구광역시,북구제3선거구,5270503,2705,북구,검색된 결과가 없습니다.
2700,대구광역시,북구제4선거구,5270504,2705,북구,검색된 결과가 없습니다.
2700,대구광역시,북구제5선거구,5270505,2705,북구,합계,,60509,25569,5756,19261,25017,552,34940
2700,대구광역시,북구제5선거구,5270505,2705,북구,거소투표,,90,84,19,60,79,5,6
2700,대구광역시,북구제5선거구,5270505,2705,북구,관외사전투표,,2351,2350,650,1640,2290,60,1
2700,대구광역시,북구제5선거구,5270505,2705,북구,관음동,계,14053,5628,1001,4523,5524,104,8425
2700,대구광역시,북구제5선거구,5270505,2705,북구,관음동,관내사전투표,1785,1781,320,1435,1755,26,4
2700,대구광역시,북구제5선거구,5270505,2705,북구,관음동,선거일투표,12268,3847,681,3088,3769,78,8421
2700,대구광역시,북구제5선거구,5270505,2705,북구,읍내동,계,21997,8433,1702,6579,8281,152,13564
2700,대구광역시,북구제5선거구,5270505,2705,북구,읍내동,관내사전투표,2209,2209,435,1731,2166,43,0
2700,대구광역시,북구제5선거구,5270505,2705,북구,읍내동,선거일투표,19788,6224,1267,4848,6115,109,13564
2700,대구광역시,북구제5선거구,5270505,2705,북구,동천동,계,22018,9067,2383,6453,8836,231,12951
2700,대구광역시,북구제5선거구,5270505,2705,북구,동천동,관내사전투표,2596,2596,750,1791,2541,55,0
2700,대구광역시,북구제5선거구,5270505,2705,북구,동천동,선거일투표,19422,6471,1633,4662,6295,176,12951
2700,대구광역시,북구제5선거구,5270505,2705,북구,잘못 투입·구분된 투표지,,0,7,1,6,7,0,-7
2700,대구광역시,수성구제1선거구,5270601,2706,수성구,검색된 결과가 없습니다.
2700,대구광역시,수성구제2선거구,5270602,2706,수성구,검색된 결과가 없습니다.
2700,대구광역시,수성구제3선거구,5270603,2706,수성구,검색된 결과가 없습니다.
2700,대구광역시,수성구제4선거구,5270604,2706,수성구,검색된 결과가 없습니다.
2700,대구광역시,수성구제5선거구,5270605,2706,수성구,검색된 결과가 없습니다.
2700,대구광역시,달서구제1선거구,5270701,2707,달서구,검색된 결과가 없습니다.
2700,대구광역시,달서구제2선거구,5270702,2707,달서구,검색된 결과가 없습니다.
2700,대구광역시,달서구제3선거구,5270703,2707,달서구,검색된 결과가 없습니다.
2700,대구광역시,달서구제4선거구,5270704,2707,달서구,합계,,107989,46568,12178,33251,45429,1139,61421
2700,대구광역시,달서구제4선거구,5270704,2707,달서구,거소투표,,149,143,46,90,136,7,6
2700,대구광역시,달서구제4선거구,5270704,2707,달서구,관외사전투표,,4417,4415,1433,2880,4313,102,2
2700,대구광역시,달서구제4선거구,5270704,2707,달서구,진천동,계,41489,15886,3915,11591,15506,380,25603
2700,대구광역시,달서구제4선거구,5270704,2707,달서구,진천동,관내사전투표,3394,3391,849,2426,3275,116,3
2700,대구광역시,달서구제4선거구,5270704,2707,달서구,진천동,선거일투표,38095,12495,3066,9165,12231,264,25600
2700,대구광역시,달서구제4선거구,5270704,2707,달서구,유천동,계,22436,8835,2830,5875,8705,130,13601
2700,대구광역시,달서구제4선거구,5270704,2707,달서구,유천동,관내사전투표,1970,1970,657,1281,1938,32,0
2700,대구광역시,달서구제4선거구,5270704,2707,달서구,유천동,선거일투표,20466,6865,2173,4594,6767,98,13601
2700,대구광역시,달서구제4선거구,5270704,2707,달서구,상인3동,계,10086,4361,769,3398,4167,194,5725
2700,대구광역시,달서구제4선거구,5270704,2707,달서구,상인3동,관내사전투표,1632,1632,283,1292,1575,57,0
2700,대구광역시,달서구제4선거구,5270704,2707,달서구,상인3동,선거일투표,8454,2729,486,2106,2592,137,5725
2700,대구광역시,달서구제4선거구,5270704,2707,달서구,도원동,계,29412,12921,3184,9411,12595,326,16491
2700,대구광역시,달서구제4선거구,5270704,2707,달서구,도원동,관내사전투표,3265,3264,829,2363,3192,72,1
2700,대구광역시,달서구제4선거구,5270704,2707,달서구,도원동,선거일투표,26147,9657,2355,7048,9403,254,16490
2700,대구광역시,달서구제4선거구,5270704,2707,달서구,잘못 투입·구분된 투표지,,0,7,1,6,7,0,-7
2700,대구광역시,달서구제5선거구,5270705,2707,달서구,검색된 결과가 없습니다.
2700,대구광역시,달서구제6선거구,5270706,2707,달서구,합계,,61756,24094,18670,4620,23290,804,37662
2700,대구광역시,달서구제6선거구,5270706,2707,달서구,거소투표,,90,89,67,16,83,6,1
2700,대구광역시,달서구제6선거구,5270706,2707,달서구,관외사전투표,,2212,2212,1564,576,2140,72,0
2700,대구광역시,달서구제6선거구,5270706,2707,달서구,본리동,계,15983,6251,4576,1382,5958,293,9732
2700,대구광역시,달서구제6선거구,5270706,2707,달서구,본리동,관내사전투표,1870,1870,1400,422,1822,48,0
2700,대구광역시,달서구제6선거구,5270706,2707,달서구,본리동,선거일투표,14113,4381,3176,960,4136,245,9732
2700,대구광역시,달서구제6선거구,5270706,2707,달서구,송현1동,계,17061,5871,4717,994,5711,160,11190
2700,대구광역시,달서구제6선거구,5270706,2707,달서구,송현1동,관내사전투표,1544,1544,1227,275,1502,42,0
2700,대구광역시,달서구제6선거구,5270706,2707,달서구,송현1동,선거일투표,15517,4327,3490,719,4209,118,11190
2700,대구광역시,달서구제6선거구,5270706,2707,달서구,송현2동,계,15469,5457,4404,893,5297,160,10012
2700,대구광역시,달서구제6선거구,5270706,2707,달서구,송현2동,관내사전투표,1243,1243,984,206,1190,53,0
2700,대구광역시,달서구제6선거구,5270706,2707,달서구,송현2동,선거일투표,14226,4214,3420,687,4107,107,10012
2700,대구광역시,달서구제6선거구,5270706,2707,달서구,본동,계,10941,4213,3341,759,4100,113,6728
2700,대구광역시,달서구제6선거구,5270706,2707,달서구,본동,관내사전투표,1197,1197,916,254,1170,27,0
2700,대구광역시,달서구제6선거구,5270706,2707,달서구,본동,선거일투표,9744,3016,2425,505,2930,86,6728
2700,대구광역시,달서구제6선거구,5270706,2707,달서구,잘못 투입·구분된 투표지,,0,1,1,0,1,0,-1
2700,대구광역시,달성군제1선거구,5270801,2708,달성군,검색된 결과가 없습니다.
2700,대구광역시,달성군제2선거구,5270802,2708,달성군,합계,,93153,38671,8464,26823,2572,37859,812,54482
2700,대구광역시,달성군제2선거구,5270802,2708,달성군,거소투표,,120,104,19,78,4,101,3,16
2700,대구광역시,달성군제2선거구,5270802,2708,달성군,관외사전투표,,3662,3662,920,2414,241,3575,87,0
2700,대구광역시,달성군제2선거구,5270802,2708,달성군,논공읍,계,15137,6113,1077,4457,444,5978,135,9024
2700,대구광역시,달성군제2선거구,5270802,2708,달성군,논공읍,관내사전투표,1212,1212,191,919,68,1178,34,0
2700,대구광역시,달성군제2선거구,5270802,2708,달성군,논공읍,선거일투표,13925,4901,886,3538,376,4800,101,9024
2700,대구광역시,달성군제2선거구,5270802,2708,달성군,유가읍,계,21096,8502,2579,5273,513,8365,137,12594
2700,대구광역시,달성군제2선거구,5270802,2708,달성군,유가읍,관내사전투표,3147,3144,1006,1881,209,3096,48,3
2700,대구광역시,달성군제2선거구,5270802,2708,달성군,유가읍,선거일투표,17949,5358,1573,3392,304,5269,89,12591
2700,대구광역시,달성군제2선거구,5270802,2708,달성군,옥포읍,계,19929,8636,1459,6294,701,8454,182,11293
2700,대구광역시,달성군제2선거구,5270802,2708,달성군,옥포읍,관내사전투표,2066,2064,357,1514,153,2024,40,2
2700,대구광역시,달성군제2선거구,5270802,2708,달성군,옥포읍,선거일투표,17863,6572,1102,4780,548,6430,142,11291
2700,대구광역시,달성군제2선거구,5270802,2708,달성군,현풍읍,계,18081,6398,1262,4579,394,6235,163,11683
2700,대구광역시,달성군제2선거구,5270802,2708,달성군,현풍읍,관내사전투표,1486,1483,281,1072,92,1445,38,3
2700,대구광역시,달성군제2선거구,5270802,2708,달성군,현풍읍,선거일투표,16595,4915,981,3507,302,4790,125,11680
2700,대구광역시,달성군제2선거구,5270802,2708,달성군,구지면,계,15128,5244,1148,3717,275,5140,104,9884
2700,대구광역시,달성군제2선거구,5270802,2708,달성군,구지면,관내사전투표,1684,1684,380,1178,95,1653,31,0
2700,대구광역시,달성군제2선거구,5270802,2708,달성군,구지면,선거일투표,13444,3560,768,2539,180,3487,73,9884
2700,대구광역시,달성군제2선거구,5270802,2708,달성군,잘못 투입·구분된 투표지,,0,12,0,11,0,11,1,-12
2700,대구광역시,달성군제3선거구,5270803,2708,달성군,합계,,74034,30687,18891,11036,29927,760,43347
2700,대구광역시,달성군제3선거구,5270803,2708,달성군,거소투표,,103,96,63,29,92,4,7
2700,대구광역시,달성군제3선거구,5270803,2708,달성군,관외사전투표,,3055,3054,1916,1041,2957,97,1
2700,대구광역시,달성군제3선거구,5270803,2708,달성군,다사읍,계,67504,25889,16036,9244,25280,609,41615
2700,대구광역시,달성군제3선거구,5270803,2708,달성군,다사읍,관내사전투표,3855,3851,2292,1448,3740,111,4
2700,대구광역시,달성군제3선거구,5270803,2708,달성군,다사읍,선거일투표,63649,22038,13744,7796,21540,498,41611
2700,대구광역시,달성군제3선거구,5270803,2708,달성군,하빈면,계,3372,1640,871,719,1590,50,1732
2700,대구광역시,달성군제3선거구,5270803,2708,달성군,하빈면,관내사전투표,621,621,311,281,592,29,0
2700,대구광역시,달성군제3선거구,5270803,2708,달성군,하빈면,선거일투표,2751,1019,560,438,998,21,1732
2700,대구광역시,달성군제3선거구,5270803,2708,달성군,잘못 투입·구분된 투표지,,0,8,5,3,8,0,-82800,인천광역시,중구제1선거구,5280101,2801,중구,합계,,41055,19745,7881,11457,19338,407,21310
2800,인천광역시,중구제1선거구,5280101,2801,중구,거소투표,,81,67,26,37,63,4,14
2800,인천광역시,중구제1선거구,5280101,2801,중구,관외사전투표,,1662,1661,793,826,1619,42,1
2800,인천광역시,중구제1선거구,5280101,2801,중구,신포동,계,4727,2324,1061,1221,2282,42,2403
2800,인천광역시,중구제1선거구,5280101,2801,중구,신포동,관내사전투표,996,995,467,508,975,20,1
2800,인천광역시,중구제1선거구,5280101,2801,중구,신포동,선거일투표,3731,1329,594,713,1307,22,2402
2800,인천광역시,중구제1선거구,5280101,2801,중구,연안동,계,5393,2352,851,1461,2312,40,3041
2800,인천광역시,중구제1선거구,5280101,2801,중구,연안동,관내사전투표,1101,1100,428,654,1082,18,1
2800,인천광역시,중구제1선거구,5280101,2801,중구,연안동,선거일투표,4292,1252,423,807,1230,22,3040
2800,인천광역시,중구제1선거구,5280101,2801,중구,신흥동,계,11203,4978,1995,2903,4898,80,6225
2800,인천광역시,중구제1선거구,5280101,2801,중구,신흥동,관내사전투표,1719,1719,711,981,1692,27,0
2800,인천광역시,중구제1선거구,5280101,2801,중구,신흥동,선거일투표,9484,3259,1284,1922,3206,53,6225
2800,인천광역시,중구제1선거구,5280101,2801,중구,도원동,계,3783,2045,728,1274,2002,43,1738
2800,인천광역시,중구제1선거구,5280101,2801,중구,도원동,관내사전투표,1032,1032,359,645,1004,28,0
2800,인천광역시,중구제1선거구,5280101,2801,중구,도원동,선거일투표,2751,1013,369,629,998,15,1738
2800,인천광역시,중구제1선거구,5280101,2801,중구,율목동,계,2833,1261,405,829,1234,27,1572
2800,인천광역시,중구제1선거구,5280101,2801,중구,율목동,관내사전투표,516,514,173,324,497,17,2
2800,인천광역시,중구제1선거구,5280101,2801,중구,율목동,선거일투표,2317,747,232,505,737,10,1570
2800,인천광역시,중구제1선거구,5280101,2801,중구,동인천동,계,5293,2302,880,1373,2253,49,2991
2800,인천광역시,중구제1선거구,5280101,2801,중구,동인천동,관내사전투표,1043,1042,418,592,1010,32,1
2800,인천광역시,중구제1선거구,5280101,2801,중구,동인천동,선거일투표,4250,1260,462,781,1243,17,2990
2800,인천광역시,중구제1선거구,5280101,2801,중구,개항동,계,6080,2749,1141,1530,2671,78,3331
2800,인천광역시,중구제1선거구,5280101,2801,중구,개항동,관내사전투표,999,999,415,538,953,46,0
2800,인천광역시,중구제1선거구,5280101,2801,중구,개항동,선거일투표,5081,1750,726,992,1718,32,3331
2800,인천광역시,중구제1선거구,5280101,2801,중구,잘못 투입·구분된 투표지,,0,6,1,3,4,2,-6
2800,인천광역시,중구제2선거구,5280102,2801,중구,합계,,83919,37616,18060,18789,36849,767,46303
2800,인천광역시,중구제2선거구,5280102,2801,중구,거소투표,,83,78,26,44,70,8,5
2800,인천광역시,중구제2선거구,5280102,2801,중구,관외사전투표,,3371,3371,1541,1743,3284,87,0
2800,인천광역시,중구제2선거구,5280102,2801,중구,영종동,계,15928,6371,2639,3605,6244,127,9557
2800,인천광역시,중구제2선거구,5280102,2801,중구,영종동,관내사전투표,2088,2087,835,1200,2035,52,1
2800,인천광역시,중구제2선거구,5280102,2801,중구,영종동,선거일투표,13840,4284,1804,2405,4209,75,9556
2800,인천광역시,중구제2선거구,5280102,2801,중구,영종1동,계,31428,13905,6917,6734,13651,254,17523
2800,인천광역시,중구제2선거구,5280102,2801,중구,영종1동,관내사전투표,3361,3361,1668,1617,3285,76,0
2800,인천광역시,중구제2선거구,5280102,2801,중구,영종1동,선거일투표,28067,10544,5249,5117,10366,178,17523
2800,인천광역시,중구제2선거구,5280102,2801,중구,운서동,계,29750,12197,6451,5493,11944,253,17553
2800,인천광역시,중구제2선거구,5280102,2801,중구,운서동,관내사전투표,5382,5381,3069,2204,5273,108,1
2800,인천광역시,중구제2선거구,5280102,2801,중구,운서동,선거일투표,24368,6816,3382,3289,6671,145,17552
2800,인천광역시,중구제2선거구,5280102,2801,중구,용유동,계,3359,1692,485,1169,1654,38,1667
2800,인천광역시,중구제2선거구,5280102,2801,중구,용유동,관내사전투표,674,674,195,465,660,14,0
2800,인천광역시,중구제2선거구,5280102,2801,중구,용유동,선거일투표,2685,1018,290,704,994,24,1667
2800,인천광역시,중구제2선거구,5280102,2801,중구,잘못 투입·구분된 투표지,,0,2,1,1,2,0,-2
2800,인천광역시,동구선거구,5280201,2802,동구,합계,,52728,28942,12347,15832,28179,763,23786
2800,인천광역시,동구선거구,5280201,2802,동구,거소투표,,47,40,20,16,36,4,7
2800,인천광역시,동구선거구,5280201,2802,동구,관외사전투표,,2321,2321,1130,1115,2245,76,0
2800,인천광역시,동구선거구,5280201,2802,동구,만석동,계,5835,2989,1287,1647,2934,55,2846
2800,인천광역시,동구선거구,5280201,2802,동구,만석동,관내사전투표,1128,1127,470,627,1097,30,1
2800,인천광역시,동구선거구,5280201,2802,동구,만석동,선거일투표,4707,1862,817,1020,1837,25,2845
2800,인천광역시,동구선거구,5280201,2802,동구,화수1·화평동,계,5097,2689,1039,1573,2612,77,2408
2800,인천광역시,동구선거구,5280201,2802,동구,화수1·화평동,관내사전투표,1215,1214,484,680,1164,50,1
2800,인천광역시,동구선거구,5280201,2802,동구,화수1·화평동,선거일투표,3882,1475,555,893,1448,27,2407
2800,인천광역시,동구선거구,5280201,2802,동구,화수2동,계,6305,3298,1283,1932,3215,83,3007
2800,인천광역시,동구선거구,5280201,2802,동구,화수2동,관내사전투표,1000,1000,393,583,976,24,0
2800,인천광역시,동구선거구,5280201,2802,동구,화수2동,선거일투표,5305,2298,890,1349,2239,59,3007
2800,인천광역시,동구선거구,5280201,2802,동구,송현1·2동,계,8673,4937,2199,2643,4842,95,3736
2800,인천광역시,동구선거구,5280201,2802,동구,송현1·2동,관내사전투표,2315,2314,1086,1164,2250,64,1
2800,인천광역시,동구선거구,5280201,2802,동구,송현1·2동,선거일투표,6358,2623,1113,1479,2592,31,3735
2800,인천광역시,동구선거구,5280201,2802,동구,송현3동,계,3038,1587,619,893,1512,75,1451
2800,인천광역시,동구선거구,5280201,2802,동구,송현3동,관내사전투표,620,620,256,339,595,25,0
2800,인천광역시,동구선거구,5280201,2802,동구,송현3동,선거일투표,2418,967,363,554,917,50,1451
2800,인천광역시,동구선거구,5280201,2802,동구,송림1동,계,1291,705,271,417,688,17,586
2800,인천광역시,동구선거구,5280201,2802,동구,송림1동,관내사전투표,269,269,112,148,260,9,0
2800,인천광역시,동구선거구,5280201,2802,동구,송림1동,선거일투표,1022,436,159,269,428,8,586
2800,인천광역시,동구선거구,5280201,2802,동구,송림2동,계,2490,1396,534,807,1341,55,1094
2800,인천광역시,동구선거구,5280201,2802,동구,송림2동,관내사전투표,689,689,283,373,656,33,0
2800,인천광역시,동구선거구,5280201,2802,동구,송림2동,선거일투표,1801,707,251,434,685,22,1094
2800,인천광역시,동구선거구,5280201,2802,동구,송림3·5동,계,5423,2810,1246,1497,2743,67,2613
2800,인천광역시,동구선거구,5280201,2802,동구,송림3·5동,관내사전투표,1293,1293,617,636,1253,40,0
2800,인천광역시,동구선거구,5280201,2802,동구,송림3·5동,선거일투표,4130,1517,629,861,1490,27,2613
2800,인천광역시,동구선거구,5280201,2802,동구,송림4동,계,4824,2359,1128,1190,2318,41,2465
2800,인천광역시,동구선거구,5280201,2802,동구,송림4동,관내사전투표,818,818,363,440,803,15,0
2800,인천광역시,동구선거구,5280201,2802,동구,송림4동,선거일투표,4006,1541,765,750,1515,26,2465
2800,인천광역시,동구선거구,5280201,2802,동구,송림6동,계,4982,2513,1092,1357,2449,64,2469
2800,인천광역시,동구선거구,5280201,2802,동구,송림6동,관내사전투표,1167,1167,542,587,1129,38,0
2800,인천광역시,동구선거구,5280201,2802,동구,송림6동,선거일투표,3815,1346,550,770,1320,26,2469
2800,인천광역시,동구선거구,5280201,2802,동구,금창동,계,2402,1295,496,745,1241,54,1107
2800,인천광역시,동구선거구,5280201,2802,동구,금창동,관내사전투표,670,670,267,380,647,23,0
2800,인천광역시,동구선거구,5280201,2802,동구,금창동,선거일투표,1732,625,229,365,594,31,1107
2800,인천광역시,동구선거구,5280201,2802,동구,잘못 투입·구분된 투표지,,0,3,3,0,3,0,-3
2800,인천광역시,미추홀구제1선거구,5280301,2803,미추홀구,합계,,86346,38984,18339,19758,38097,887,47362
2800,인천광역시,미추홀구제1선거구,5280301,2803,미추홀구,거소투표,,117,106,36,55,91,15,11
2800,인천광역시,미추홀구제1선거구,5280301,2803,미추홀구,관외사전투표,,4397,4396,2210,2089,4299,97,1
2800,인천광역시,미추홀구제1선거구,5280301,2803,미추홀구,도화1동,계,19179,6876,2969,3716,6685,191,12303
2800,인천광역시,미추홀구제1선거구,5280301,2803,미추홀구,도화1동,관내사전투표,2449,2448,1027,1347,2374,74,1
2800,인천광역시,미추홀구제1선거구,5280301,2803,미추홀구,도화1동,선거일투표,16730,4428,1942,2369,4311,117,12302
2800,인천광역시,미추홀구제1선거구,5280301,2803,미추홀구,도화2·3동,계,26550,11972,5852,5907,11759,213,14578
2800,인천광역시,미추홀구제1선거구,5280301,2803,미추홀구,도화2·3동,관내사전투표,4242,4241,2152,1983,4135,106,1
2800,인천광역시,미추홀구제1선거구,5280301,2803,미추홀구,도화2·3동,선거일투표,22308,7731,3700,3924,7624,107,14577
2800,인천광역시,미추홀구제1선거구,5280301,2803,미추홀구,주안5동,계,18108,7913,3790,3925,7715,198,10195
2800,인천광역시,미추홀구제1선거구,5280301,2803,미추홀구,주안5동,관내사전투표,2698,2698,1356,1289,2645,53,0
2800,인천광역시,미추홀구제1선거구,5280301,2803,미추홀구,주안5동,선거일투표,15410,5215,2434,2636,5070,145,10195
2800,인천광역시,미추홀구제1선거구,5280301,2803,미추홀구,주안6동,계,17995,7715,3478,4064,7542,173,10280
2800,인천광역시,미추홀구제1선거구,5280301,2803,미추홀구,주안6동,관내사전투표,2811,2811,1315,1457,2772,39,0
2800,인천광역시,미추홀구제1선거구,5280301,2803,미추홀구,주안6동,선거일투표,15184,4904,2163,2607,4770,134,10280
2800,인천광역시,미추홀구제1선거구,5280301,2803,미추홀구,잘못 투입·구분된 투표지,,0,6,4,2,6,0,-6
2800,인천광역시,미추홀구제2선거구,5280302,2803,미추홀구,합계,,83961,35928,15285,18656,283,734,34958,970,48033
2800,인천광역시,미추홀구제2선거구,5280302,2803,미추홀구,거소투표,,101,94,39,41,1,4,85,9,7
2800,인천광역시,미추홀구제2선거구,5280302,2803,미추홀구,관외사전투표,,3964,3964,1907,1872,26,74,3879,85,0
2800,인천광역시,미추홀구제2선거구,5280302,2803,미추홀구,주안1동,계,18219,5207,2412,2516,27,105,5060,147,13012
2800,인천광역시,미추홀구제2선거구,5280302,2803,미추홀구,주안1동,관내사전투표,1647,1647,772,806,9,24,1611,36,0
2800,인천광역시,미추홀구제2선거구,5280302,2803,미추홀구,주안1동,선거일투표,16572,3560,1640,1710,18,81,3449,111,13012
2800,인천광역시,미추홀구제2선거구,5280302,2803,미추홀구,주안2동,계,14163,5629,2211,3128,60,122,5521,108,8534
2800,인천광역시,미추홀구제2선거구,5280302,2803,미추홀구,주안2동,관내사전투표,2042,2042,833,1108,18,37,1996,46,0
2800,인천광역시,미추홀구제2선거구,5280302,2803,미추홀구,주안2동,선거일투표,12121,3587,1378,2020,42,85,3525,62,8534
2800,인천광역시,미추홀구제2선거구,5280302,2803,미추홀구,주안3동,계,7305,3004,1303,1520,25,73,2921,83,4301
2800,인천광역시,미추홀구제2선거구,5280302,2803,미추홀구,주안3동,관내사전투표,796,795,359,372,6,25,762,33,1
2800,인천광역시,미추홀구제2선거구,5280302,2803,미추홀구,주안3동,선거일투표,6509,2209,944,1148,19,48,2159,50,4300
2800,인천광역시,미추홀구제2선거구,5280302,2803,미추홀구,주안4동,계,11371,4763,1716,2747,37,91,4591,172,6608
2800,인천광역시,미추홀구제2선거구,5280302,2803,미추홀구,주안4동,관내사전투표,1785,1785,636,1040,12,21,1709,76,0
2800,인천광역시,미추홀구제2선거구,5280302,2803,미추홀구,주안4동,선거일투표,9586,2978,1080,1707,25,70,2882,96,6608
2800,인천광역시,미추홀구제2선거구,5280302,2803,미추홀구,주안7동,계,11714,5723,2394,3038,52,104,5588,135,5991
2800,인천광역시,미추홀구제2선거구,5280302,2803,미추홀구,주안7동,관내사전투표,2886,2884,1229,1510,25,42,2806,78,2
2800,인천광역시,미추홀구제2선거구,5280302,2803,미추홀구,주안7동,선거일투표,8828,2839,1165,1528,27,62,2782,57,5989
2800,인천광역시,미추홀구제2선거구,5280302,2803,미추홀구,주안8동,계,17124,7538,3301,3791,55,161,7308,230,9586
2800,인천광역시,미추홀구제2선거구,5280302,2803,미추홀구,주안8동,관내사전투표,2005,2003,928,983,13,26,1950,53,2
2800,인천광역시,미추홀구제2선거구,5280302,2803,미추홀구,주안8동,선거일투표,15119,5535,2373,2808,42,135,5358,177,9584
2800,인천광역시,미추홀구제2선거구,5280302,2803,미추홀구,잘못 투입·구분된 투표지,,0,6,2,3,0,0,5,1,-6
2800,인천광역시,미추홀구제3선거구,5280303,2803,미추홀구,합계,,95341,41756,17757,22586,40343,1413,53585
2800,인천광역시,미추홀구제3선거구,5280303,2803,미추홀구,거소투표,,119,113,38,67,105,8,6
2800,인천광역시,미추홀구제3선거구,5280303,2803,미추홀구,관외사전투표,,4560,4560,2161,2265,4426,134,0
2800,인천광역시,미추홀구제3선거구,5280303,2803,미추홀구,숭의1·3동,계,12156,4319,1905,2285,4190,129,7837
2800,인천광역시,미추홀구제3선거구,5280303,2803,미추홀구,숭의1·3동,관내사전투표,1502,1502,639,810,1449,53,0
2800,인천광역시,미추홀구제3선거구,5280303,2803,미추홀구,숭의1·3동,선거일투표,10654,2817,1266,1475,2741,76,7837
2800,인천광역시,미추홀구제3선거구,5280303,2803,미추홀구,숭의2동,계,12697,4639,2038,2414,4452,187,8058
2800,인천광역시,미추홀구제3선거구,5280303,2803,미추홀구,숭의2동,관내사전투표,2022,2021,874,1082,1956,65,1
2800,인천광역시,미추홀구제3선거구,5280303,2803,미추홀구,숭의2동,선거일투표,10675,2618,1164,1332,2496,122,8057
2800,인천광역시,미추홀구제3선거구,5280303,2803,미추홀구,숭의4동,계,13372,5181,2114,2850,4964,217,8191
2800,인천광역시,미추홀구제3선거구,5280303,2803,미추홀구,숭의4동,관내사전투표,2154,2152,883,1197,2080,72,2
2800,인천광역시,미추홀구제3선거구,5280303,2803,미추홀구,숭의4동,선거일투표,11218,3029,1231,1653,2884,145,8189
2800,인천광역시,미추홀구제3선거구,5280303,2803,미추홀구,용현1·4동,계,15331,6103,2352,3525,5877,226,9228
2800,인천광역시,미추홀구제3선거구,5280303,2803,미추홀구,용현1·4동,관내사전투표,1869,1869,734,1059,1793,76,0
2800,인천광역시,미추홀구제3선거구,5280303,2803,미추홀구,용현1·4동,선거일투표,13462,4234,1618,2466,4084,150,9228
2800,인천광역시,미추홀구제3선거구,5280303,2803,미추홀구,용현2동,계,14933,6723,2983,3498,6481,242,8210
2800,인천광역시,미추홀구제3선거구,5280303,2803,미추홀구,용현2동,관내사전투표,2424,2423,1036,1312,2348,75,1
2800,인천광역시,미추홀구제3선거구,5280303,2803,미추홀구,용현2동,선거일투표,12509,4300,1947,2186,4133,167,8209
2800,인천광역시,미추홀구제3선거구,5280303,2803,미추홀구,용현3동,계,7061,3071,1162,1803,2965,106,3990
2800,인천광역시,미추홀구제3선거구,5280303,2803,미추홀구,용현3동,관내사전투표,1491,1491,560,873,1433,58,0
2800,인천광역시,미추홀구제3선거구,5280303,2803,미추홀구,용현3동,선거일투표,5570,1580,602,930,1532,48,3990
2800,인천광역시,미추홀구제3선거구,5280303,2803,미추홀구,학익2동,계,15112,7030,2999,3870,6869,161,8082
2800,인천광역시,미추홀구제3선거구,5280303,2803,미추홀구,학익2동,관내사전투표,2183,2182,902,1217,2119,63,1
2800,인천광역시,미추홀구제3선거구,5280303,2803,미추홀구,학익2동,선거일투표,12929,4848,2097,2653,4750,98,8081
2800,인천광역시,미추홀구제3선거구,5280303,2803,미추홀구,잘못 투입·구분된 투표지,,0,17,5,9,14,3,-17
2800,인천광역시,미추홀구제4선거구,5280304,2803,미추홀구,합계,,92964,43628,19433,23233,42666,962,49336
2800,인천광역시,미추홀구제4선거구,5280304,2803,미추홀구,거소투표,,119,108,39,59,98,10,11
2800,인천광역시,미추홀구제4선거구,5280304,2803,미추홀구,관외사전투표,,4608,4607,2232,2255,4487,120,1
2800,인천광역시,미추홀구제4선거구,5280304,2803,미추홀구,용현5동,계,37724,16093,7184,8561,15745,348,21631
2800,인천광역시,미추홀구제4선거구,5280304,2803,미추홀구,용현5동,관내사전투표,5607,5605,2470,2977,5447,158,2
2800,인천광역시,미추홀구제4선거구,5280304,2803,미추홀구,용현5동,선거일투표,32117,10488,4714,5584,10298,190,21629
2800,인천광역시,미추홀구제4선거구,5280304,2803,미추홀구,학익1동,계,25587,12171,5439,6502,11941,230,13416
2800,인천광역시,미추홀구제4선거구,5280304,2803,미추홀구,학익1동,관내사전투표,3748,3739,1686,2019,3705,34,9
2800,인천광역시,미추홀구제4선거구,5280304,2803,미추홀구,학익1동,선거일투표,21839,8432,3753,4483,8236,196,13407
2800,인천광역시,미추홀구제4선거구,5280304,2803,미추홀구,관교동,계,12433,6557,2711,3722,6433,124,5876
2800,인천광역시,미추홀구제4선거구,5280304,2803,미추홀구,관교동,관내사전투표,2438,2436,1022,1350,2372,64,2
2800,인천광역시,미추홀구제4선거구,5280304,2803,미추홀구,관교동,선거일투표,9995,4121,1689,2372,4061,60,5874
2800,인천광역시,미추홀구제4선거구,5280304,2803,미추홀구,문학동,계,12493,4075,1823,2125,3948,127,8418
2800,인천광역시,미추홀구제4선거구,5280304,2803,미추홀구,문학동,관내사전투표,1735,1733,774,906,1680,53,2
2800,인천광역시,미추홀구제4선거구,5280304,2803,미추홀구,문학동,선거일투표,10758,2342,1049,1219,2268,74,8416
2800,인천광역시,미추홀구제4선거구,5280304,2803,미추홀구,잘못 투입·구분된 투표지,,0,17,5,9,14,3,-17
2800,인천광역시,연수구제1선거구,5280401,2804,연수구,합계,,56910,26555,11322,14740,26062,493,30355
2800,인천광역시,연수구제1선거구,5280401,2804,연수구,거소투표,,66,60,31,23,54,6,6
2800,인천광역시,연수구제1선거구,5280401,2804,연수구,관외사전투표,,2696,2693,1310,1319,2629,64,3
2800,인천광역시,연수구제1선거구,5280401,2804,연수구,옥련2동,계,16423,7776,3366,4308,7674,102,8647
2800,인천광역시,연수구제1선거구,5280401,2804,연수구,옥련2동,관내사전투표,3012,3012,1306,1653,2959,53,0
2800,인천광역시,연수구제1선거구,5280401,2804,연수구,옥련2동,선거일투표,13411,4764,2060,2655,4715,49,8647
2800,인천광역시,연수구제1선거구,5280401,2804,연수구,연수1동,계,16543,6715,2819,3800,6619,96,9828
2800,인천광역시,연수구제1선거구,5280401,2804,연수구,연수1동,관내사전투표,2489,2489,1078,1351,2429,60,0
2800,인천광역시,연수구제1선거구,5280401,2804,연수구,연수1동,선거일투표,14054,4226,1741,2449,4190,36,9828
2800,인천광역시,연수구제1선거구,5280401,2804,연수구,청학동,계,21182,9310,3795,5290,9085,225,11872
2800,인천광역시,연수구제1선거구,5280401,2804,연수구,청학동,관내사전투표,2986,2986,1226,1700,2926,60,0
2800,인천광역시,연수구제1선거구,5280401,2804,연수구,청학동,선거일투표,18196,6324,2569,3590,6159,165,11872
2800,인천광역시,연수구제1선거구,5280401,2804,연수구,잘못 투입·구분된 투표지,,0,1,1,0,1,0,-1
2800,인천광역시,연수구제2선거구,5280402,2804,연수구,합계,,63113,33177,14371,17833,32204,973,29936
2800,인천광역시,연수구제2선거구,5280402,2804,연수구,거소투표,,119,111,35,59,94,17,8
2800,인천광역시,연수구제2선거구,5280402,2804,연수구,관외사전투표,,3137,3136,1503,1552,3055,81,1
2800,인천광역시,연수구제2선거구,5280402,2804,연수구,선학동,계,14798,6729,2687,3810,6497,232,8069
2800,인천광역시,연수구제2선거구,5280402,2804,연수구,선학동,관내사전투표,2435,2433,1005,1378,2383,50,2
2800,인천광역시,연수구제2선거구,5280402,2804,연수구,선학동,선거일투표,12363,4296,1682,2432,4114,182,8067
2800,인천광역시,연수구제2선거구,5280402,2804,연수구,연수2동,계,17711,8780,3685,4799,8484,296,8931
2800,인천광역시,연수구제2선거구,5280402,2804,연수구,연수2동,관내사전투표,2759,2759,1194,1521,2715,44,0
2800,인천광역시,연수구제2선거구,5280402,2804,연수구,연수2동,선거일투표,14952,6021,2491,3278,5769,252,8931
2800,인천광역시,연수구제2선거구,5280402,2804,연수구,연수3동,계,13544,6744,2942,3611,6553,191,6800
2800,인천광역시,연수구제2선거구,5280402,2804,연수구,연수3동,관내사전투표,2397,2395,1062,1275,2337,58,2
2800,인천광역시,연수구제2선거구,5280402,2804,연수구,연수3동,선거일투표,11147,4349,1880,2336,4216,133,6798
2800,인천광역시,연수구제2선거구,5280402,2804,연수구,동춘3동,계,13804,7671,3517,3999,7516,155,6133
2800,인천광역시,연수구제2선거구,5280402,2804,연수구,동춘3동,관내사전투표,2935,2935,1397,1482,2879,56,0
2800,인천광역시,연수구제2선거구,5280402,2804,연수구,동춘3동,선거일투표,10869,4736,2120,2517,4637,99,6133
2800,인천광역시,연수구제2선거구,5280402,2804,연수구,잘못 투입·구분된 투표지,,0,6,2,3,5,1,-6
2800,인천광역시,연수구제3선거구,5280403,2804,연수구,합계,,53107,27657,12665,14628,27293,364,25450
2800,인천광역시,연수구제3선거구,5280403,2804,연수구,거소투표,,94,88,23,51,74,14,6
2800,인천광역시,연수구제3선거구,5280403,2804,연수구,관외사전투표,,3659,3657,1818,1767,3585,72,2
2800,인천광역시,연수구제3선거구,5280403,2804,연수구,옥련1동,계,15012,6425,2570,3774,6344,81,8587
2800,인천광역시,연수구제3선거구,5280403,2804,연수구,옥련1동,관내사전투표,1726,1725,687,1002,1689,36,1
2800,인천광역시,연수구제3선거구,5280403,2804,연수구,옥련1동,선거일투표,13286,4700,1883,2772,4655,45,8586
2800,인천광역시,연수구제3선거구,5280403,2804,연수구,동춘1동,계,19657,10000,4737,5140,9877,123,9657
2800,인천광역시,연수구제3선거구,5280403,2804,연수구,동춘1동,관내사전투표,3087,3085,1443,1574,3017,68,2
2800,인천광역시,연수구제3선거구,5280403,2804,연수구,동춘1동,선거일투표,16570,6915,3294,3566,6860,55,9655
2800,인천광역시,연수구제3선거구,5280403,2804,연수구,동춘2동,계,14685,7480,3516,3890,7406,74,7205
2800,인천광역시,연수구제3선거구,5280403,2804,연수구,동춘2동,관내사전투표,2795,2794,1380,1388,2768,26,1
2800,인천광역시,연수구제3선거구,5280403,2804,연수구,동춘2동,선거일투표,11890,4686,2136,2502,4638,48,7204
2800,인천광역시,연수구제3선거구,5280403,2804,연수구,잘못 투입·구분된 투표지,,0,7,1,6,7,0,-7
2800,인천광역시,연수구제4선거구,5280404,2804,연수구,합계,,68445,36750,17306,18940,36246,504,31695
2800,인천광역시,연수구제4선거구,5280404,2804,연수구,거소투표,,74,67,34,26,60,7,7
2800,인천광역시,연수구제4선거구,5280404,2804,연수구,관외사전투표,,4359,4359,2072,2201,4273,86,0
2800,인천광역시,연수구제4선거구,5280404,2804,연수구,송도1동,계,28945,14697,6674,7822,14496,201,14248
2800,인천광역시,연수구제4선거구,5280404,2804,연수구,송도1동,관내사전투표,4208,4207,2020,2113,4133,74,1
2800,인천광역시,연수구제4선거구,5280404,2804,연수구,송도1동,선거일투표,24737,10490,4654,5709,10363,127,14247
2800,인천광역시,연수구제4선거구,5280404,2804,연수구,송도3동,계,35067,17624,8524,8890,17414,210,17443
2800,인천광역시,연수구제4선거구,5280404,2804,연수구,송도3동,관내사전투표,5031,5030,2519,2455,4974,56,1
2800,인천광역시,연수구제4선거구,5280404,2804,연수구,송도3동,선거일투표,30036,12594,6005,6435,12440,154,17442
2800,인천광역시,연수구제4선거구,5280404,2804,연수구,잘못 투입·구분된 투표지,,0,3,2,1,3,0,-3
2800,인천광역시,연수구제5선거구,5280405,2804,연수구,합계,,76308,40105,12387,24933,2352,39672,433,36203
2800,인천광역시,연수구제5선거구,5280405,2804,연수구,거소투표,,75,70,20,44,0,64,6,5
2800,인천광역시,연수구제5선거구,5280405,2804,연수구,관외사전투표,,4287,4285,1515,2469,223,4207,78,2
2800,인천광역시,연수구제5선거구,5280405,2804,연수구,송도2동,계,25312,12887,4014,8012,725,12751,136,12425
2800,인천광역시,연수구제5선거구,5280405,2804,연수구,송도2동,관내사전투표,3984,3983,1318,2426,202,3946,37,1
2800,인천광역시,연수구제5선거구,5280405,2804,연수구,송도2동,선거일투표,21328,8904,2696,5586,523,8805,99,12424
2800,인천광역시,연수구제5선거구,5280405,2804,연수구,송도4동,계,18071,9119,2749,5747,535,9031,88,8952
2800,인천광역시,연수구제5선거구,5280405,2804,연수구,송도4동,관내사전투표,2716,2715,909,1627,148,2684,31,1
2800,인천광역시,연수구제5선거구,5280405,2804,연수구,송도4동,선거일투표,15355,6404,1840,4120,387,6347,57,8951
2800,인천광역시,연수구제5선거구,5280405,2804,연수구,송도5동,계,28563,13733,4086,8654,868,13608,125,14830
2800,인천광역시,연수구제5선거구,5280405,2804,연수구,송도5동,관내사전투표,3702,3701,1222,2226,213,3661,40,1
2800,인천광역시,연수구제5선거구,5280405,2804,연수구,송도5동,선거일투표,24861,10032,2864,6428,655,9947,85,14829
2800,인천광역시,연수구제5선거구,5280405,2804,연수구,잘못 투입·구분된 투표지,,0,11,3,7,1,11,0,-11
2800,인천광역시,남동구제1선거구,5280501,2805,남동구,합계,,58100,27249,12311,14474,26785,464,30851
2800,인천광역시,남동구제1선거구,5280501,2805,남동구,거소투표,,91,85,31,41,72,13,6
2800,인천광역시,남동구제1선거구,5280501,2805,남동구,관외사전투표,,2946,2945,1428,1453,2881,64,1
2800,인천광역시,남동구제1선거구,5280501,2805,남동구,구월1동,계,24790,11809,5515,6140,11655,154,12981
2800,인천광역시,남동구제1선거구,5280501,2805,남동구,구월1동,관내사전투표,4330,4328,2009,2226,4235,93,2
2800,인천광역시,남동구제1선거구,5280501,2805,남동구,구월1동,선거일투표,20460,7481,3506,3914,7420,61,12979
2800,인천광역시,남동구제1선거구,5280501,2805,남동구,구월4동,계,12942,4998,2119,2757,4876,122,7944
2800,인천광역시,남동구제1선거구,5280501,2805,남동구,구월4동,관내사전투표,1785,1785,779,934,1713,72,0
2800,인천광역시,남동구제1선거구,5280501,2805,남동구,구월4동,선거일투표,11157,3213,1340,1823,3163,50,7944
2800,인천광역시,남동구제1선거구,5280501,2805,남동구,남촌도림동,계,17331,7409,3217,4082,7299,110,9922
2800,인천광역시,남동구제1선거구,5280501,2805,남동구,남촌도림동,관내사전투표,2112,2111,923,1139,2062,49,1
2800,인천광역시,남동구제1선거구,5280501,2805,남동구,남촌도림동,선거일투표,15219,5298,2294,2943,5237,61,9921
2800,인천광역시,남동구제1선거구,5280501,2805,남동구,잘못 투입·구분된 투표지,,0,3,1,1,2,1,-3
2800,인천광역시,남동구제2선거구,5280502,2805,남동구,합계,,71568,30689,14167,15794,29961,728,40879
2800,인천광역시,남동구제2선거구,5280502,2805,남동구,거소투표,,67,59,27,26,53,6,8
2800,인천광역시,남동구제2선거구,5280502,2805,남동구,관외사전투표,,4736,4736,2490,2145,4635,101,0
2800,인천광역시,남동구제2선거구,5280502,2805,남동구,구월3동,계,25870,8374,3916,4262,8178,196,17496
2800,인천광역시,남동구제2선거구,5280502,2805,남동구,구월3동,관내사전투표,2344,2344,1138,1148,2286,58,0
2800,인천광역시,남동구제2선거구,5280502,2805,남동구,구월3동,선거일투표,23526,6030,2778,3114,5892,138,17496
2800,인천광역시,남동구제2선거구,5280502,2805,남동구,간석1동,계,16815,7558,3335,4027,7362,196,9257
2800,인천광역시,남동구제2선거구,5280502,2805,남동구,간석1동,관내사전투표,2164,2163,1028,1089,2117,46,1
2800,인천광역시,남동구제2선거구,5280502,2805,남동구,간석1동,선거일투표,14651,5395,2307,2938,5245,150,9256
2800,인천광역시,남동구제2선거구,5280502,2805,남동구,간석4동,계,24080,9961,4399,5334,9733,228,14119
2800,인천광역시,남동구제2선거구,5280502,2805,남동구,간석4동,관내사전투표,2743,2743,1197,1477,2674,69,0
2800,인천광역시,남동구제2선거구,5280502,2805,남동구,간석4동,선거일투표,21337,7218,3202,3857,7059,159,14119
2800,인천광역시,남동구제2선거구,5280502,2805,남동구,잘못 투입·구분된 투표지,,0,1,0,0,0,1,-1
2800,인천광역시,남동구제3선거구,5280503,2805,남동구,합계,,87410,42766,21395,20409,314,42118,648,44644
2800,인천광역시,남동구제3선거구,5280503,2805,남동구,거소투표,,112,102,48,38,4,90,12,10
2800,인천광역시,남동구제3선거구,5280503,2805,남동구,관외사전투표,,3813,3811,2012,1693,16,3721,90,2
2800,인천광역시,남동구제3선거구,5280503,2805,남동구,논현1동,계,25232,11586,5829,5507,106,11442,144,13646
2800,인천광역시,남동구제3선거구,5280503,2805,남동구,논현1동,관내사전투표,3864,3864,1979,1816,24,3819,45,0
2800,인천광역시,남동구제3선거구,5280503,2805,남동구,논현1동,선거일투표,21368,7722,3850,3691,82,7623,99,13646
2800,인천광역시,남동구제3선거구,5280503,2805,남동구,논현2동,계,27075,12119,5841,5968,115,11924,195,14956
2800,인천광역시,남동구제3선거구,5280503,2805,남동구,논현2동,관내사전투표,3539,3539,1768,1639,36,3443,96,0
2800,인천광역시,남동구제3선거구,5280503,2805,남동구,논현2동,선거일투표,23536,8580,4073,4329,79,8481,99,14956
2800,인천광역시,남동구제3선거구,5280503,2805,남동구,논현고잔동,계,31178,15138,7663,7195,73,14931,207,16040
2800,인천광역시,남동구제3선거구,5280503,2805,남동구,논현고잔동,관내사전투표,5256,5255,2749,2400,26,5175,80,1
2800,인천광역시,남동구제3선거구,5280503,2805,남동구,논현고잔동,선거일투표,25922,9883,4914,4795,47,9756,127,16039
2800,인천광역시,남동구제3선거구,5280503,2805,남동구,잘못 투입·구분된 투표지,,0,10,2,8,0,10,0,-10
2800,인천광역시,남동구제4선거구,5280504,2805,남동구,합계,,72131,35878,17083,18166,35249,629,36253
2800,인천광역시,남동구제4선거구,5280504,2805,남동구,거소투표,,107,99,45,43,88,11,8
2800,인천광역시,남동구제4선거구,5280504,2805,남동구,관외사전투표,,4541,4540,2351,2108,4459,81,1
2800,인천광역시,남동구제4선거구,5280504,2805,남동구,구월2동,계,27127,14217,6930,7054,13984,233,12910
2800,인천광역시,남동구제4선거구,5280504,2805,남동구,구월2동,관내사전투표,4976,4975,2541,2336,4877,98,1
2800,인천광역시,남동구제4선거구,5280504,2805,남동구,구월2동,선거일투표,22151,9242,4389,4718,9107,135,12909
2800,인천광역시,남동구제4선거구,5280504,2805,남동구,간석2동,계,17159,7797,3404,4284,7688,109,9362
2800,인천광역시,남동구제4선거구,5280504,2805,남동구,간석2동,관내사전투표,1787,1787,714,1036,1750,37,0
2800,인천광역시,남동구제4선거구,5280504,2805,남동구,간석2동,선거일투표,15372,6010,2690,3248,5938,72,9362
2800,인천광역시,남동구제4선거구,5280504,2805,남동구,간석3동,계,23197,9222,4352,4675,9027,195,13975
2800,인천광역시,남동구제4선거구,5280504,2805,남동구,간석3동,관내사전투표,2735,2733,1315,1311,2626,107,2
2800,인천광역시,남동구제4선거구,5280504,2805,남동구,간석3동,선거일투표,20462,6489,3037,3364,6401,88,13973
2800,인천광역시,남동구제4선거구,5280504,2805,남동구,잘못 투입·구분된 투표지,,0,3,1,2,3,0,-3
2800,인천광역시,남동구제5선거구,5280505,2805,남동구,합계,,83849,42343,20631,20903,41534,809,41506
2800,인천광역시,남동구제5선거구,5280505,2805,남동구,거소투표,,131,119,61,42,103,16,12
2800,인천광역시,남동구제5선거구,5280505,2805,남동구,관외사전투표,,3483,3482,1838,1574,3412,70,1
2800,인천광역시,남동구제5선거구,5280505,2805,남동구,만수1동,계,14896,6599,2895,3524,6419,180,8297
2800,인천광역시,남동구제5선거구,5280505,2805,남동구,만수1동,관내사전투표,2180,2180,1011,1076,2087,93,0
2800,인천광역시,남동구제5선거구,5280505,2805,남동구,만수1동,선거일투표,12716,4419,1884,2448,4332,87,8297
2800,인천광역시,남동구제5선거구,5280505,2805,남동구,만수6동,계,20403,9961,4558,5179,9737,224,10442
2800,인천광역시,남동구제5선거구,5280505,2805,남동구,만수6동,관내사전투표,3066,3066,1445,1526,2971,95,0
2800,인천광역시,남동구제5선거구,5280505,2805,남동구,만수6동,선거일투표,17337,6895,3113,3653,6766,129,10442
2800,인천광역시,남동구제5선거구,5280505,2805,남동구,장수서창동,계,15812,7742,3508,4081,7589,153,8070
2800,인천광역시,남동구제5선거구,5280505,2805,남동구,장수서창동,관내사전투표,2782,2782,1285,1390,2675,107,0
2800,인천광역시,남동구제5선거구,5280505,2805,남동구,장수서창동,선거일투표,13030,4960,2223,2691,4914,46,8070
2800,인천광역시,남동구제5선거구,5280505,2805,남동구,서창2동,계,29124,14437,7769,6502,14271,166,14687
2800,인천광역시,남동구제5선거구,5280505,2805,남동구,서창2동,관내사전투표,4549,4547,2537,1945,4482,65,2
2800,인천광역시,남동구제5선거구,5280505,2805,남동구,서창2동,선거일투표,24575,9890,5232,4557,9789,101,14685
2800,인천광역시,남동구제5선거구,5280505,2805,남동구,잘못 투입·구분된 투표지,,0,3,2,1,3,0,-3
2800,인천광역시,남동구제6선거구,5280506,2805,남동구,합계,,68168,33119,15947,16682,32629,490,35049
2800,인천광역시,남동구제6선거구,5280506,2805,남동구,거소투표,,157,148,61,76,137,11,9
2800,인천광역시,남동구제6선거구,5280506,2805,남동구,관외사전투표,,2846,2844,1492,1284,2776,68,2
2800,인천광역시,남동구제6선거구,5280506,2805,남동구,만수2동,계,19980,9655,4926,4599,9525,130,10325
2800,인천광역시,남동구제6선거구,5280506,2805,남동구,만수2동,관내사전투표,3352,3352,1763,1564,3327,25,0
2800,인천광역시,남동구제6선거구,5280506,2805,남동구,만수2동,선거일투표,16628,6303,3163,3035,6198,105,10325
2800,인천광역시,남동구제6선거구,5280506,2805,남동구,만수3동,계,14544,6308,3019,3223,6242,66,8236
2800,인천광역시,남동구제6선거구,5280506,2805,남동구,만수3동,관내사전투표,2190,2189,1054,1105,2159,30,1
2800,인천광역시,남동구제6선거구,5280506,2805,남동구,만수3동,선거일투표,12354,4119,1965,2118,4083,36,8235
2800,인천광역시,남동구제6선거구,5280506,2805,남동구,만수4동,계,17222,8536,3896,4494,8390,146,8686
2800,인천광역시,남동구제6선거구,5280506,2805,남동구,만수4동,관내사전투표,3590,3589,1628,1885,3513,76,1
2800,인천광역시,남동구제6선거구,5280506,2805,남동구,만수4동,선거일투표,13632,4947,2268,2609,4877,70,8685
2800,인천광역시,남동구제6선거구,5280506,2805,남동구,만수5동,계,13419,5626,2553,3004,5557,69,7793
2800,인천광역시,남동구제6선거구,5280506,2805,남동구,만수5동,관내사전투표,2175,2170,993,1156,2149,21,5
2800,인천광역시,남동구제6선거구,5280506,2805,남동구,만수5동,선거일투표,11244,3456,1560,1848,3408,48,7788
2800,인천광역시,남동구제6선거구,5280506,2805,남동구,잘못 투입·구분된 투표지,,0,2,0,2,2,0,-2
2800,인천광역시,부평구제1선거구,5280601,2806,부평구,합계,,66231,27990,13727,13844,27571,419,38241
2800,인천광역시,부평구제1선거구,5280601,2806,부평구,거소투표,,73,71,26,35,61,10,2
2800,인천광역시,부평구제1선거구,5280601,2806,부평구,관외사전투표,,3169,3169,1724,1385,3109,60,0
2800,인천광역시,부평구제1선거구,5280601,2806,부평구,부평1동,계,30863,13423,6134,7081,13215,208,17440
2800,인천광역시,부평구제1선거구,5280601,2806,부평구,부평1동,관내사전투표,4552,4552,2059,2388,4447,105,0
2800,인천광역시,부평구제1선거구,5280601,2806,부평구,부평1동,선거일투표,26311,8871,4075,4693,8768,103,17440
2800,인천광역시,부평구제1선거구,5280601,2806,부평구,부평4동,계,32126,11327,5843,5343,11186,141,20799
2800,인천광역시,부평구제1선거구,5280601,2806,부평구,부평4동,관내사전투표,3283,3283,1851,1389,3240,43,0
2800,인천광역시,부평구제1선거구,5280601,2806,부평구,부평4동,선거일투표,28843,8044,3992,3954,7946,98,20799
2800,인천광역시,부평구제1선거구,5280601,2806,부평구,잘못 투입·구분된 투표지,,0,0,0,0,0,0,0
2800,인천광역시,부평구제2선거구,5280602,2806,부평구,합계,,80774,33569,16938,15755,32693,876,47205
2800,인천광역시,부평구제2선거구,5280602,2806,부평구,거소투표,,87,79,30,38,68,11,8
2800,인천광역시,부평구제2선거구,5280602,2806,부평구,관외사전투표,,3420,3420,1850,1493,3343,77,0
2800,인천광역시,부평구제2선거구,5280602,2806,부평구,부평2동,계,13003,5230,2568,2535,5103,127,7773
2800,인천광역시,부평구제2선거구,5280602,2806,부평구,부평2동,관내사전투표,1943,1941,966,923,1889,52,2
2800,인천광역시,부평구제2선거구,5280602,2806,부평구,부평2동,선거일투표,11060,3289,1602,1612,3214,75,7771
2800,인천광역시,부평구제2선거구,5280602,2806,부평구,부평5동,계,26849,8054,4226,3540,7766,288,18795
2800,인천광역시,부평구제2선거구,5280602,2806,부평구,부평5동,관내사전투표,2188,2188,1216,919,2135,53,0
2800,인천광역시,부평구제2선거구,5280602,2806,부평구,부평5동,선거일투표,24661,5866,3010,2621,5631,235,18795
2800,인천광역시,부평구제2선거구,5280602,2806,부평구,부평6동,계,13104,5569,2815,2575,5390,179,7535
2800,인천광역시,부평구제2선거구,5280602,2806,부평구,부평6동,관내사전투표,2216,2216,1150,1028,2178,38,0
2800,인천광역시,부평구제2선거구,5280602,2806,부평구,부평6동,선거일투표,10888,3353,1665,1547,3212,141,7535
2800,인천광역시,부평구제2선거구,5280602,2806,부평구,부개1동,계,13904,6075,2918,3040,5958,117,7829
2800,인천광역시,부평구제2선거구,5280602,2806,부평구,부개1동,관내사전투표,2340,2340,1127,1156,2283,57,0
2800,인천광역시,부평구제2선거구,5280602,2806,부평구,부개1동,선거일투표,11564,3735,1791,1884,3675,60,7829
2800,인천광역시,부평구제2선거구,5280602,2806,부평구,일신동,계,10407,5136,2527,2533,5060,76,5271
2800,인천광역시,부평구제2선거구,5280602,2806,부평구,일신동,관내사전투표,2010,2008,979,986,1965,43,2
2800,인천광역시,부평구제2선거구,5280602,2806,부평구,일신동,선거일투표,8397,3128,1548,1547,3095,33,5269
2800,인천광역시,부평구제2선거구,5280602,2806,부평구,잘못 투입·구분된 투표지,,0,6,4,1,5,1,-6
2800,인천광역시,부평구제3선거구,5280603,2806,부평구,합계,,79545,39303,17729,20507,38236,1067,40242
2800,인천광역시,부평구제3선거구,5280603,2806,부평구,거소투표,,116,109,35,47,82,27,7
2800,인천광역시,부평구제3선거구,5280603,2806,부평구,관외사전투표,,3548,3547,1796,1666,3462,85,1
2800,인천광역시,부평구제3선거구,5280603,2806,부평구,부평3동,계,11286,4784,2215,2451,4666,118,6502
2800,인천광역시,부평구제3선거구,5280603,2806,부평구,부평3동,관내사전투표,1996,1996,916,1022,1938,58,0
2800,인천광역시,부평구제3선거구,5280603,2806,부평구,부평3동,선거일투표,9290,2788,1299,1429,2728,60,6502
2800,인천광역시,부평구제3선거구,5280603,2806,부평구,산곡3동,계,18524,9823,3999,5544,9543,280,8701
2800,인천광역시,부평구제3선거구,5280603,2806,부평구,산곡3동,관내사전투표,3772,3772,1580,2109,3689,83,0
2800,인천광역시,부평구제3선거구,5280603,2806,부평구,산곡3동,선거일투표,14752,6051,2419,3435,5854,197,8701
2800,인천광역시,부평구제3선거구,5280603,2806,부평구,산곡4동,계,14329,7397,3453,3829,7282,115,6932
2800,인천광역시,부평구제3선거구,5280603,2806,부평구,산곡4동,관내사전투표,2234,2233,1105,1077,2182,51,1
2800,인천광역시,부평구제3선거구,5280603,2806,부평구,산곡4동,선거일투표,12095,5164,2348,2752,5100,64,6931
2800,인천광역시,부평구제3선거구,5280603,2806,부평구,십정1동,계,12459,5894,2784,2997,5781,113,6565
2800,인천광역시,부평구제3선거구,5280603,2806,부평구,십정1동,관내사전투표,2302,2299,1069,1168,2237,62,3
2800,인천광역시,부평구제3선거구,5280603,2806,부평구,십정1동,선거일투표,10157,3595,1715,1829,3544,51,6562
2800,인천광역시,부평구제3선거구,5280603,2806,부평구,십정2동,계,19283,7742,3444,3970,7414,328,11541
2800,인천광역시,부평구제3선거구,5280603,2806,부평구,십정2동,관내사전투표,2245,2244,1015,1142,2157,87,1
2800,인천광역시,부평구제3선거구,5280603,2806,부평구,십정2동,선거일투표,17038,5498,2429,2828,5257,241,11540
2800,인천광역시,부평구제3선거구,5280603,2806,부평구,잘못 투입·구분된 투표지,,0,7,3,3,6,1,-7
2800,인천광역시,부평구제4선거구,5280604,2806,부평구,합계,,73120,36445,18359,17448,35807,638,36675
2800,인천광역시,부평구제4선거구,5280604,2806,부평구,거소투표,,79,75,36,30,66,9,4
2800,인천광역시,부평구제4선거구,5280604,2806,부평구,관외사전투표,,5284,5284,2964,2211,5175,109,0
2800,인천광역시,부평구제4선거구,5280604,2806,부평구,산곡1동,계,10286,5023,2425,2516,4941,82,5263
2800,인천광역시,부평구제4선거구,5280604,2806,부평구,산곡1동,관내사전투표,1770,1770,884,853,1737,33,0
2800,인천광역시,부평구제4선거구,5280604,2806,부평구,산곡1동,선거일투표,8516,3253,1541,1663,3204,49,5263
2800,인천광역시,부평구제4선거구,5280604,2806,부평구,산곡2동,계,23413,11795,5994,5638,11632,163,11618
2800,인천광역시,부평구제4선거구,5280604,2806,부평구,산곡2동,관내사전투표,3375,3373,1738,1596,3334,39,2
2800,인천광역시,부평구제4선거구,5280604,2806,부평구,산곡2동,선거일투표,20038,8422,4256,4042,8298,124,11616
2800,인천광역시,부평구제4선거구,5280604,2806,부평구,청천1동,계,6246,2500,1162,1295,2457,43,3746
2800,인천광역시,부평구제4선거구,5280604,2806,부평구,청천1동,관내사전투표,1218,1218,601,588,1189,29,0
2800,인천광역시,부평구제4선거구,5280604,2806,부평구,청천1동,선거일투표,5028,1282,561,707,1268,14,3746
2800,인천광역시,부평구제4선거구,5280604,2806,부평구,청천2동,계,27812,11764,5777,5755,11532,232,16048
2800,인천광역시,부평구제4선거구,5280604,2806,부평구,청천2동,관내사전투표,2897,2896,1386,1461,2847,49,1
2800,인천광역시,부평구제4선거구,5280604,2806,부평구,청천2동,선거일투표,24915,8868,4391,4294,8685,183,16047
2800,인천광역시,부평구제4선거구,5280604,2806,부평구,잘못 투입·구분된 투표지,,0,4,1,3,4,0,-4
2800,인천광역시,부평구제5선거구,5280605,2806,부평구,합계,,59674,29304,15036,13802,28838,466,30370
2800,인천광역시,부평구제5선거구,5280605,2806,부평구,거소투표,,76,67,28,28,56,11,9
2800,인천광역시,부평구제5선거구,5280605,2806,부평구,관외사전투표,,2546,2546,1412,1089,2501,45,0
2800,인천광역시,부평구제5선거구,5280605,2806,부평구,갈산1동,계,14289,6269,3230,2929,6159,110,8020
2800,인천광역시,부평구제5선거구,5280605,2806,부평구,갈산1동,관내사전투표,2409,2408,1277,1081,2358,50,1
2800,인천광역시,부평구제5선거구,5280605,2806,부평구,갈산1동,선거일투표,11880,3861,1953,1848,3801,60,8019
2800,인천광역시,부평구제5선거구,5280605,2806,부평구,갈산2동,계,15699,8016,3789,4149,7938,78,7683
2800,인천광역시,부평구제5선거구,5280605,2806,부평구,갈산2동,관내사전투표,3265,3264,1574,1656,3230,34,1
2800,인천광역시,부평구제5선거구,5280605,2806,부평구,갈산2동,선거일투표,12434,4752,2215,2493,4708,44,7682
2800,인천광역시,부평구제5선거구,5280605,2806,부평구,삼산1동,계,27064,12404,6576,5606,12182,222,14660
2800,인천광역시,부평구제5선거구,5280605,2806,부평구,삼산1동,관내사전투표,3877,3875,2083,1708,3791,84,2
2800,인천광역시,부평구제5선거구,5280605,2806,부평구,삼산1동,선거일투표,23187,8529,4493,3898,8391,138,14658
2800,인천광역시,부평구제5선거구,5280605,2806,부평구,잘못 투입·구분된 투표지,,0,2,1,1,2,0,-2
2800,인천광역시,부평구제6선거구,5280606,2806,부평구,합계,,67119,35969,19500,15878,35378,591,31150
2800,인천광역시,부평구제6선거구,5280606,2806,부평구,거소투표,,75,67,26,31,57,10,8
2800,인천광역시,부평구제6선거구,5280606,2806,부평구,관외사전투표,,3328,3328,1863,1372,3235,93,0
2800,인천광역시,부평구제6선거구,5280606,2806,부평구,삼산2동,계,21970,11626,6458,5017,11475,151,10344
2800,인천광역시,부평구제6선거구,5280606,2806,부평구,삼산2동,관내사전투표,3843,3843,2188,1587,3775,68,0
2800,인천광역시,부평구제6선거구,5280606,2806,부평구,삼산2동,선거일투표,18127,7783,4270,3430,7700,83,10344
2800,인천광역시,부평구제6선거구,5280606,2806,부평구,부개2동,계,16392,7997,4177,3710,7887,110,8395
2800,인천광역시,부평구제6선거구,5280606,2806,부평구,부개2동,관내사전투표,2732,2731,1464,1226,2690,41,1
2800,인천광역시,부평구제6선거구,5280606,2806,부평구,부개2동,선거일투표,13660,5266,2713,2484,5197,69,8394
2800,인천광역시,부평구제6선거구,5280606,2806,부평구,부개3동,계,25354,12948,6973,5748,12721,227,12406
2800,인천광역시,부평구제6선거구,5280606,2806,부평구,부개3동,관내사전투표,4094,4093,2290,1740,4030,63,1
2800,인천광역시,부평구제6선거구,5280606,2806,부평구,부개3동,선거일투표,21260,8855,4683,4008,8691,164,12405
2800,인천광역시,부평구제6선거구,5280606,2806,부평구,잘못 투입·구분된 투표지,,0,3,3,0,3,0,-3
2800,인천광역시,계양구제1선거구,5280701,2807,계양구,합계,,49489,25439,13105,11923,25028,411,24050
2800,인천광역시,계양구제1선거구,5280701,2807,계양구,거소투표,,63,60,33,23,56,4,3
2800,인천광역시,계양구제1선거구,5280701,2807,계양구,관외사전투표,,2297,2297,1288,953,2241,56,0
2800,인천광역시,계양구제1선거구,5280701,2807,계양구,효성1동,계,23256,11989,6196,5592,11788,201,11267
2800,인천광역시,계양구제1선거구,5280701,2807,계양구,효성1동,관내사전투표,4473,4470,2403,1990,4393,77,3
2800,인천광역시,계양구제1선거구,5280701,2807,계양구,효성1동,선거일투표,18783,7519,3793,3602,7395,124,11264
2800,인천광역시,계양구제1선거구,5280701,2807,계양구,효성2동,계,23873,11089,5585,5354,10939,150,12784
2800,인천광역시,계양구제1선거구,5280701,2807,계양구,효성2동,관내사전투표,3185,3185,1678,1459,3137,48,0
2800,인천광역시,계양구제1선거구,5280701,2807,계양구,효성2동,선거일투표,20688,7904,3907,3895,7802,102,12784
2800,인천광역시,계양구제1선거구,5280701,2807,계양구,잘못 투입·구분된 투표지,,0,4,3,1,4,0,-4
2800,인천광역시,계양구제2선거구,5280702,2807,계양구,합계,,71289,36757,19525,16710,36235,522,34532
2800,인천광역시,계양구제2선거구,5280702,2807,계양구,거소투표,,106,101,47,44,91,10,5
2800,인천광역시,계양구제2선거구,5280702,2807,계양구,관외사전투표,,4675,4675,2709,1896,4605,70,0
2800,인천광역시,계양구제2선거구,5280702,2807,계양구,작전1동,계,22458,10867,5618,5117,10735,132,11591
2800,인천광역시,계양구제2선거구,5280702,2807,계양구,작전1동,관내사전투표,3387,3385,1874,1445,3319,66,2
2800,인천광역시,계양구제2선거구,5280702,2807,계양구,작전1동,선거일투표,19071,7482,3744,3672,7416,66,11589
2800,인천광역시,계양구제2선거구,5280702,2807,계양구,작전2동,계,16854,8087,4189,3752,7941,146,8767
2800,인천광역시,계양구제2선거구,5280702,2807,계양구,작전2동,관내사전투표,3170,3170,1707,1397,3104,66,0
2800,인천광역시,계양구제2선거구,5280702,2807,계양구,작전2동,선거일투표,13684,4917,2482,2355,4837,80,8767
2800,인천광역시,계양구제2선거구,5280702,2807,계양구,작전서운동,계,27196,13017,6958,5895,12853,164,14179
2800,인천광역시,계양구제2선거구,5280702,2807,계양구,작전서운동,관내사전투표,3093,3091,1623,1423,3046,45,2
2800,인천광역시,계양구제2선거구,5280702,2807,계양구,작전서운동,선거일투표,24103,9926,5335,4472,9807,119,14177
2800,인천광역시,계양구제2선거구,5280702,2807,계양구,잘못 투입·구분된 투표지,,0,10,4,6,10,0,-10
2800,인천광역시,계양구제3선거구,5280703,2807,계양구,합계,,49344,28502,14638,13369,28007,495,20842
2800,인천광역시,계양구제3선거구,5280703,2807,계양구,거소투표,,59,56,21,30,51,5,3
2800,인천광역시,계양구제3선거구,5280703,2807,계양구,관외사전투표,,2624,2623,1472,1104,2576,47,1
2800,인천광역시,계양구제3선거구,5280703,2807,계양구,계산1동,계,15868,7877,3847,3843,7690,187,7991
2800,인천광역시,계양구제3선거구,5280703,2807,계양구,계산1동,관내사전투표,2589,2588,1274,1247,2521,67,1
2800,인천광역시,계양구제3선거구,5280703,2807,계양구,계산1동,선거일투표,13279,5289,2573,2596,5169,120,7990
2800,인천광역시,계양구제3선거구,5280703,2807,계양구,계산2동,계,14576,8465,4393,3952,8345,120,6111
2800,인천광역시,계양구제3선거구,5280703,2807,계양구,계산2동,관내사전투표,3733,3731,2075,1596,3671,60,2
2800,인천광역시,계양구제3선거구,5280703,2807,계양구,계산2동,선거일투표,10843,4734,2318,2356,4674,60,6109
2800,인천광역시,계양구제3선거구,5280703,2807,계양구,계산3동,계,16217,9477,4903,4438,9341,136,6740
2800,인천광역시,계양구제3선거구,5280703,2807,계양구,계산3동,관내사전투표,3700,3700,1974,1665,3639,61,0
2800,인천광역시,계양구제3선거구,5280703,2807,계양구,계산3동,선거일투표,12517,5777,2929,2773,5702,75,6740
2800,인천광역시,계양구제3선거구,5280703,2807,계양구,잘못 투입·구분된 투표지,,0,4,2,2,4,0,-4
2800,인천광역시,계양구제4선거구,5280704,2807,계양구,합계,,88034,53979,29608,23449,53057,922,34055
2800,인천광역시,계양구제4선거구,5280704,2807,계양구,거소투표,,121,116,52,51,103,13,5
2800,인천광역시,계양구제4선거구,5280704,2807,계양구,관외사전투표,,5050,5050,2921,2022,4943,107,0
2800,인천광역시,계양구제4선거구,5280704,2807,계양구,계산4동,계,18593,11877,6420,5270,11690,187,6716
2800,인천광역시,계양구제4선거구,5280704,2807,계양구,계산4동,관내사전투표,4044,4041,2312,1679,3991,50,3
2800,인천광역시,계양구제4선거구,5280704,2807,계양구,계산4동,선거일투표,14549,7836,4108,3591,7699,137,6713
2800,인천광역시,계양구제4선거구,5280704,2807,계양구,계양1동,계,15703,9004,4590,4259,8849,155,6699
2800,인천광역시,계양구제4선거구,5280704,2807,계양구,계양1동,관내사전투표,2311,2310,1227,1016,2243,67,1
2800,인천광역시,계양구제4선거구,5280704,2807,계양구,계양1동,선거일투표,13392,6694,3363,3243,6606,88,6698
2800,인천광역시,계양구제4선거구,5280704,2807,계양구,계양2동,계,28762,16285,8846,7119,15965,320,12477
2800,인천광역시,계양구제4선거구,5280704,2807,계양구,계양2동,관내사전투표,5799,5798,3243,2417,5660,138,1
2800,인천광역시,계양구제4선거구,5280704,2807,계양구,계양2동,선거일투표,22963,10487,5603,4702,10305,182,12476
2800,인천광역시,계양구제4선거구,5280704,2807,계양구,계양3동,계,19805,11635,6774,4721,11495,140,8170
2800,인천광역시,계양구제4선거구,5280704,2807,계양구,계양3동,관내사전투표,4373,4369,2719,1593,4312,57,4
2800,인천광역시,계양구제4선거구,5280704,2807,계양구,계양3동,선거일투표,15432,7266,4055,3128,7183,83,8166
2800,인천광역시,계양구제4선거구,5280704,2807,계양구,잘못 투입·구분된 투표지,,0,12,5,7,12,0,-12
2800,인천광역시,서구제1선거구,5280801,2808,서구,합계,,60929,29778,14918,14556,29474,304,31151
2800,인천광역시,서구제1선거구,5280801,2808,서구,거소투표,,51,47,16,24,40,7,4
2800,인천광역시,서구제1선거구,5280801,2808,서구,관외사전투표,,3133,3132,1522,1563,3085,47,1
2800,인천광역시,서구제1선거구,5280801,2808,서구,청라1동,계,22903,10388,5356,4934,10290,98,12515
2800,인천광역시,서구제1선거구,5280801,2808,서구,청라1동,관내사전투표,3369,3368,1764,1581,3345,23,1
2800,인천광역시,서구제1선거구,5280801,2808,서구,청라1동,선거일투표,19534,7020,3592,3353,6945,75,12514
2800,인천광역시,서구제1선거구,5280801,2808,서구,청라2동,계,34842,16200,8016,8032,16048,152,18642
2800,인천광역시,서구제1선거구,5280801,2808,서구,청라2동,관내사전투표,5317,5312,2675,2587,5262,50,5
2800,인천광역시,서구제1선거구,5280801,2808,서구,청라2동,선거일투표,29525,10888,5341,5445,10786,102,18637
2800,인천광역시,서구제1선거구,5280801,2808,서구,잘못 투입·구분된 투표지,,0,11,8,3,11,0,-11
2800,인천광역시,서구제2선거구,5280802,2808,서구,합계,,96959,44986,20165,23359,43524,1462,51973
2800,인천광역시,서구제2선거구,5280802,2808,서구,거소투표,,99,89,38,42,80,9,10
2800,인천광역시,서구제2선거구,5280802,2808,서구,관외사전투표,,3584,3581,1806,1676,3482,99,3
2800,인천광역시,서구제2선거구,5280802,2808,서구,석남1동,계,19240,7773,3393,4148,7541,232,11467
2800,인천광역시,서구제2선거구,5280802,2808,서구,석남1동,관내사전투표,2594,2593,1124,1404,2528,65,1
2800,인천광역시,서구제2선거구,5280802,2808,서구,석남1동,선거일투표,16646,5180,2269,2744,5013,167,11466
2800,인천광역시,서구제2선거구,5280802,2808,서구,석남2동,계,11646,5487,2353,3058,5411,76,6159
2800,인천광역시,서구제2선거구,5280802,2808,서구,석남2동,관내사전투표,2133,2132,930,1173,2103,29,1
2800,인천광역시,서구제2선거구,5280802,2808,서구,석남2동,선거일투표,9513,3355,1423,1885,3308,47,6158
2800,인천광역시,서구제2선거구,5280802,2808,서구,석남3동,계,11492,4501,2052,2333,4385,116,6991
2800,인천광역시,서구제2선거구,5280802,2808,서구,석남3동,관내사전투표,1765,1764,837,876,1713,51,1
2800,인천광역시,서구제2선거구,5280802,2808,서구,석남3동,선거일투표,9727,2737,1215,1457,2672,65,6990
2800,인천광역시,서구제2선거구,5280802,2808,서구,가좌1동,계,11254,4325,1893,2197,4090,235,6929
2800,인천광역시,서구제2선거구,5280802,2808,서구,가좌1동,관내사전투표,1828,1828,825,951,1776,52,0
2800,인천광역시,서구제2선거구,5280802,2808,서구,가좌1동,선거일투표,9426,2497,1068,1246,2314,183,6929
2800,인천광역시,서구제2선거구,5280802,2808,서구,가좌2동,계,16570,8692,3941,4406,8347,345,7878
2800,인천광역시,서구제2선거구,5280802,2808,서구,가좌2동,관내사전투표,3242,3237,1515,1652,3167,70,5
2800,인천광역시,서구제2선거구,5280802,2808,서구,가좌2동,선거일투표,13328,5455,2426,2754,5180,275,7873
2800,인천광역시,서구제2선거구,5280802,2808,서구,가좌3동,계,14553,6685,2911,3518,6429,256,7868
2800,인천광역시,서구제2선거구,5280802,2808,서구,가좌3동,관내사전투표,2903,2900,1284,1541,2825,75,3
2800,인천광역시,서구제2선거구,5280802,2808,서구,가좌3동,선거일투표,11650,3785,1627,1977,3604,181,7865
2800,인천광역시,서구제2선거구,5280802,2808,서구,가좌4동,계,8521,3836,1768,1975,3743,93,4685
2800,인천광역시,서구제2선거구,5280802,2808,서구,가좌4동,관내사전투표,1503,1503,689,770,1459,44,0
2800,인천광역시,서구제2선거구,5280802,2808,서구,가좌4동,선거일투표,7018,2333,1079,1205,2284,49,4685
2800,인천광역시,서구제2선거구,5280802,2808,서구,잘못 투입·구분된 투표지,,0,17,10,6,16,1,-17
2800,인천광역시,서구제3선거구,5280803,2808,서구,합계,,68516,32717,16047,16130,32177,540,35799
2800,인천광역시,서구제3선거구,5280803,2808,서구,거소투표,,76,69,38,22,60,9,7
2800,인천광역시,서구제3선거구,5280803,2808,서구,관외사전투표,,3466,3465,1813,1574,3387,78,1
2800,인천광역시,서구제3선거구,5280803,2808,서구,가정1동,계,25831,11332,5855,5311,11166,166,14499
2800,인천광역시,서구제3선거구,5280803,2808,서구,가정1동,관내사전투표,3008,3008,1696,1271,2967,41,0
2800,인천광역시,서구제3선거구,5280803,2808,서구,가정1동,선거일투표,22823,8324,4159,4040,8199,125,14499
2800,인천광역시,서구제3선거구,5280803,2808,서구,가정2동,계,5567,2373,1122,1220,2342,31,3194
2800,인천광역시,서구제3선거구,5280803,2808,서구,가정2동,관내사전투표,988,987,503,472,975,12,1
2800,인천광역시,서구제3선거구,5280803,2808,서구,가정2동,선거일투표,4579,1386,619,748,1367,19,3193
2800,인천광역시,서구제3선거구,5280803,2808,서구,가정3동,계,8342,3989,1939,1969,3908,81,4353
2800,인천광역시,서구제3선거구,5280803,2808,서구,가정3동,관내사전투표,1433,1433,705,688,1393,40,0
2800,인천광역시,서구제3선거구,5280803,2808,서구,가정3동,선거일투표,6909,2556,1234,1281,2515,41,4353
2800,인천광역시,서구제3선거구,5280803,2808,서구,신현원창동,계,25234,11480,5277,6030,11307,173,13754
2800,인천광역시,서구제3선거구,5280803,2808,서구,신현원창동,관내사전투표,3254,3253,1497,1662,3159,94,1
2800,인천광역시,서구제3선거구,5280803,2808,서구,신현원창동,선거일투표,21980,8227,3780,4368,8148,79,13753
2800,인천광역시,서구제3선거구,5280803,2808,서구,잘못 투입·구분된 투표지,,0,9,3,4,7,2,-9
2800,인천광역시,서구제4선거구,5280804,2808,서구,합계,,74001,32188,15618,15779,31397,791,41813
2800,인천광역시,서구제4선거구,5280804,2808,서구,거소투표,,193,185,57,107,164,21,8
2800,인천광역시,서구제4선거구,5280804,2808,서구,관외사전투표,,3196,3195,1661,1437,3098,97,1
2800,인천광역시,서구제4선거구,5280804,2808,서구,검암경서동,계,36268,14959,7513,7171,14684,275,21309
2800,인천광역시,서구제4선거구,5280804,2808,서구,검암경서동,관내사전투표,4062,4062,2089,1911,4000,62,0
2800,인천광역시,서구제4선거구,5280804,2808,서구,검암경서동,선거일투표,32206,10897,5424,5260,10684,213,21309
2800,인천광역시,서구제4선거구,5280804,2808,서구,연희동,계,34344,13842,6382,7062,13444,398,20502
2800,인천광역시,서구제4선거구,5280804,2808,서구,연희동,관내사전투표,4826,4824,2326,2398,4724,100,2
2800,인천광역시,서구제4선거구,5280804,2808,서구,연희동,선거일투표,29518,9018,4056,4664,8720,298,20500
2800,인천광역시,서구제4선거구,5280804,2808,서구,잘못 투입·구분된 투표지,,0,7,5,2,7,0,-7
2800,인천광역시,서구제5선거구,5280805,2808,서구,합계,,86631,40636,21907,18110,40017,619,45995
2800,인천광역시,서구제5선거구,5280805,2808,서구,거소투표,,97,90,49,34,83,7,7
2800,인천광역시,서구제5선거구,5280805,2808,서구,관외사전투표,,4533,4532,2430,2023,4453,79,1
2800,인천광역시,서구제5선거구,5280805,2808,서구,청라3동,계,23231,10656,5631,4880,10511,145,12575
2800,인천광역시,서구제5선거구,5280805,2808,서구,청라3동,관내사전투표,3309,3309,1777,1484,3261,48,0
2800,인천광역시,서구제5선거구,5280805,2808,서구,청라3동,선거일투표,19922,7347,3854,3396,7250,97,12575
2800,인천광역시,서구제5선거구,5280805,2808,서구,당하동,계,21721,9568,5296,4085,9381,187,12153
2800,인천광역시,서구제5선거구,5280805,2808,서구,당하동,관내사전투표,3754,3754,2056,1610,3666,88,0
2800,인천광역시,서구제5선거구,5280805,2808,서구,당하동,선거일투표,17967,5814,3240,2475,5715,99,12153
2800,인천광역시,서구제5선거구,5280805,2808,서구,오류왕길동,계,19715,8136,4247,3789,8036,100,11579
2800,인천광역시,서구제5선거구,5280805,2808,서구,오류왕길동,관내사전투표,2766,2765,1421,1307,2728,37,1
2800,인천광역시,서구제5선거구,5280805,2808,서구,오류왕길동,선거일투표,16949,5371,2826,2482,5308,63,11578
2800,인천광역시,서구제5선거구,5280805,2808,서구,마전동,계,17334,7648,4250,3297,7547,101,9686
2800,인천광역시,서구제5선거구,5280805,2808,서구,마전동,관내사전투표,2942,2942,1636,1242,2878,64,0
2800,인천광역시,서구제5선거구,5280805,2808,서구,마전동,선거일투표,14392,4706,2614,2055,4669,37,9686
2800,인천광역시,서구제5선거구,5280805,2808,서구,잘못 투입·구분된 투표지,,0,6,4,2,6,0,-6
2800,인천광역시,서구제6선거구,5280806,2808,서구,합계,,85218,38024,18951,18424,37375,649,47194
2800,인천광역시,서구제6선거구,5280806,2808,서구,거소투표,,102,100,38,49,87,13,2
2800,인천광역시,서구제6선거구,5280806,2808,서구,관외사전투표,,3926,3925,2053,1796,3849,76,1
2800,인천광역시,서구제6선거구,5280806,2808,서구,검단동,계,27084,10414,4954,5254,10208,206,16670
2800,인천광역시,서구제6선거구,5280806,2808,서구,검단동,관내사전투표,3425,3425,1639,1711,3350,75,0
2800,인천광역시,서구제6선거구,5280806,2808,서구,검단동,선거일투표,23659,6989,3315,3543,6858,131,16670
2800,인천광역시,서구제6선거구,5280806,2808,서구,불로대곡동,계,18656,8206,4103,3950,8053,153,10450
2800,인천광역시,서구제6선거구,5280806,2808,서구,불로대곡동,관내사전투표,3482,3478,1818,1600,3418,60,4
2800,인천광역시,서구제6선거구,5280806,2808,서구,불로대곡동,선거일투표,15174,4728,2285,2350,4635,93,10446
2800,인천광역시,서구제6선거구,5280806,2808,서구,원당동,계,18426,7663,4021,3569,7590,73,10763
2800,인천광역시,서구제6선거구,5280806,2808,서구,원당동,관내사전투표,2638,2638,1427,1185,2612,26,0
2800,인천광역시,서구제6선거구,5280806,2808,서구,원당동,선거일투표,15788,5025,2594,2384,4978,47,10763
2800,인천광역시,서구제6선거구,5280806,2808,서구,아라동,계,17024,7709,3780,3801,7581,128,9315
2800,인천광역시,서구제6선거구,5280806,2808,서구,아라동,관내사전투표,2060,2060,1054,989,2043,17,0
2800,인천광역시,서구제6선거구,5280806,2808,서구,아라동,선거일투표,14964,5649,2726,2812,5538,111,9315
2800,인천광역시,서구제6선거구,5280806,2808,서구,잘못 투입·구분된 투표지,,0,7,2,5,7,0,-7
2800,인천광역시,강화군선거구,5280901,2809,강화군,검색된 결과가 없습니다.
2800,인천광역시,옹진군선거구,5281001,2810,옹진군,합계,,18895,12691,4727,7247,11974,717,6204
2800,인천광역시,옹진군선거구,5281001,2810,옹진군,거소투표,,90,84,33,46,79,5,6
2800,인천광역시,옹진군선거구,5281001,2810,옹진군,관외사전투표,,2138,2138,809,1257,2066,72,0
2800,인천광역시,옹진군선거구,5281001,2810,옹진군,북도면,계,1669,1136,255,783,1038,98,533
2800,인천광역시,옹진군선거구,5281001,2810,옹진군,북도면,관내사전투표,387,387,97,267,364,23,0
2800,인천광역시,옹진군선거구,5281001,2810,옹진군,북도면,선거일투표,1282,749,158,516,674,75,533
2800,인천광역시,옹진군선거구,5281001,2810,옹진군,연평면,계,1683,928,336,539,875,53,755
2800,인천광역시,옹진군선거구,5281001,2810,옹진군,연평면,관내사전투표,587,587,210,335,545,42,0
2800,인천광역시,옹진군선거구,5281001,2810,옹진군,연평면,선거일투표,1096,341,126,204,330,11,755
2800,인천광역시,옹진군선거구,5281001,2810,옹진군,백령면,계,4088,2536,910,1380,2290,246,1552
2800,인천광역시,옹진군선거구,5281001,2810,옹진군,백령면,관내사전투표,1082,1082,445,564,1009,73,0
2800,인천광역시,옹진군선거구,5281001,2810,옹진군,백령면,선거일투표,3006,1454,465,816,1281,173,1552
2800,인천광역시,옹진군선거구,5281001,2810,옹진군,대청면,계,1215,882,331,512,843,39,333
2800,인천광역시,옹진군선거구,5281001,2810,옹진군,대청면,관내사전투표,492,492,182,290,472,20,0
2800,인천광역시,옹진군선거구,5281001,2810,옹진군,대청면,선거일투표,723,390,149,222,371,19,333
2800,인천광역시,옹진군선거구,5281001,2810,옹진군,덕적면,계,1463,1021,356,595,951,70,442
2800,인천광역시,옹진군선거구,5281001,2810,옹진군,덕적면,관내사전투표,549,549,203,304,507,42,0
2800,인천광역시,옹진군선거구,5281001,2810,옹진군,덕적면,선거일투표,914,472,153,291,444,28,442
2800,인천광역시,옹진군선거구,5281001,2810,옹진군,자월면,계,1061,728,374,345,719,9,333
2800,인천광역시,옹진군선거구,5281001,2810,옹진군,자월면,관내사전투표,224,224,126,96,222,2,0
2800,인천광역시,옹진군선거구,5281001,2810,옹진군,자월면,선거일투표,837,504,248,249,497,7,333
2800,인천광역시,옹진군선거구,5281001,2810,옹진군,영흥면,계,5488,3238,1323,1790,3113,125,2250
2800,인천광역시,옹진군선거구,5281001,2810,옹진군,영흥면,관내사전투표,1520,1520,615,811,1426,94,0
2800,인천광역시,옹진군선거구,5281001,2810,옹진군,영흥면,선거일투표,3968,1718,708,979,1687,31,2250
2800,인천광역시,옹진군선거구,5281001,2810,옹진군,잘못 투입·구분된 투표지,,0,0,0,0,0,0,02900,광주광역시,동구제1선거구,5290101,2901,동구,검색된 결과가 없습니다.
2900,광주광역시,동구제2선거구,5290102,2901,동구,검색된 결과가 없습니다.
2900,광주광역시,서구제1선거구,5290201,2902,서구,검색된 결과가 없습니다.
2900,광주광역시,서구제2선거구,5290202,2902,서구,합계,,76127,29249,21482,6552,28034,1215,46878
2900,광주광역시,서구제2선거구,5290202,2902,서구,거소투표,,93,88,65,13,78,10,5
2900,광주광역시,서구제2선거구,5290202,2902,서구,관외사전투표,,3856,3854,2837,845,3682,172,2
2900,광주광역시,서구제2선거구,5290202,2902,서구,광천동,계,6564,2348,1720,504,2224,124,4216
2900,광주광역시,서구제2선거구,5290202,2902,서구,광천동,관내사전투표,1132,1131,856,213,1069,62,1
2900,광주광역시,서구제2선거구,5290202,2902,서구,광천동,선거일투표,5432,1217,864,291,1155,62,4215
2900,광주광역시,서구제2선거구,5290202,2902,서구,유덕동,계,8735,3319,2387,810,3197,122,5416
2900,광주광역시,서구제2선거구,5290202,2902,서구,유덕동,관내사전투표,1372,1370,983,333,1316,54,2
2900,광주광역시,서구제2선거구,5290202,2902,서구,유덕동,선거일투표,7363,1949,1404,477,1881,68,5414
2900,광주광역시,서구제2선거구,5290202,2902,서구,치평동,계,24380,8436,6291,1810,8101,335,15944
2900,광주광역시,서구제2선거구,5290202,2902,서구,치평동,관내사전투표,2931,2930,2226,580,2806,124,1
2900,광주광역시,서구제2선거구,5290202,2902,서구,치평동,선거일투표,21449,5506,4065,1230,5295,211,15943
2900,광주광역시,서구제2선거구,5290202,2902,서구,상무1동,계,20280,6445,4668,1515,6183,262,13835
2900,광주광역시,서구제2선거구,5290202,2902,서구,상무1동,관내사전투표,2295,2293,1662,538,2200,93,2
2900,광주광역시,서구제2선거구,5290202,2902,서구,상무1동,선거일투표,17985,4152,3006,977,3983,169,13833
2900,광주광역시,서구제2선거구,5290202,2902,서구,동천동,계,12219,4753,3508,1055,4563,190,7466
2900,광주광역시,서구제2선거구,5290202,2902,서구,동천동,관내사전투표,1960,1959,1482,409,1891,68,1
2900,광주광역시,서구제2선거구,5290202,2902,서구,동천동,선거일투표,10259,2794,2026,646,2672,122,7465
2900,광주광역시,서구제2선거구,5290202,2902,서구,잘못 투입·구분된 투표지,,0,6,6,0,6,0,-6
2900,광주광역시,서구제3선거구,5290203,2902,서구,합계,,52016,21376,14454,5217,951,20622,754,30640
2900,광주광역시,서구제3선거구,5290203,2902,서구,거소투표,,81,77,62,10,3,75,2,4
2900,광주광역시,서구제3선거구,5290203,2902,서구,관외사전투표,,3009,3005,2053,628,184,2865,140,4
2900,광주광역시,서구제3선거구,5290203,2902,서구,화정3동,계,7939,2708,1820,629,147,2596,112,5231
2900,광주광역시,서구제3선거구,5290203,2902,서구,화정3동,관내사전투표,606,606,433,123,32,588,18,0
2900,광주광역시,서구제3선거구,5290203,2902,서구,화정3동,선거일투표,7333,2102,1387,506,115,2008,94,5231
2900,광주광역시,서구제3선거구,5290203,2902,서구,화정4동,계,12470,5145,3519,1231,216,4966,179,7325
2900,광주광역시,서구제3선거구,5290203,2902,서구,화정4동,관내사전투표,2117,2116,1443,511,79,2033,83,1
2900,광주광역시,서구제3선거구,5290203,2902,서구,화정4동,선거일투표,10353,3029,2076,720,137,2933,96,7324
2900,광주광역시,서구제3선거구,5290203,2902,서구,풍암동,계,28517,10432,6992,2718,401,10111,321,18085
2900,광주광역시,서구제3선거구,5290203,2902,서구,풍암동,관내사전투표,3907,3905,2685,976,126,3787,118,2
2900,광주광역시,서구제3선거구,5290203,2902,서구,풍암동,선거일투표,24610,6527,4307,1742,275,6324,203,18083
2900,광주광역시,서구제3선거구,5290203,2902,서구,잘못 투입·구분된 투표지,,0,9,8,1,0,9,0,-9
2900,광주광역시,서구제4선거구,5290204,2902,서구,합계,,66622,26760,18086,5162,2488,25736,1024,39862
2900,광주광역시,서구제4선거구,5290204,2902,서구,거소투표,,116,105,73,10,8,91,14,11
2900,광주광역시,서구제4선거구,5290204,2902,서구,관외사전투표,,3792,3790,2655,612,367,3634,156,2
2900,광주광역시,서구제4선거구,5290204,2902,서구,상무2동,계,20012,6309,4369,1112,535,6016,293,13703
2900,광주광역시,서구제4선거구,5290204,2902,서구,상무2동,관내사전투표,2248,2246,1651,360,156,2167,79,2
2900,광주광역시,서구제4선거구,5290204,2902,서구,상무2동,선거일투표,17764,4063,2718,752,379,3849,214,13701
2900,광주광역시,서구제4선거구,5290204,2902,서구,서창동,계,4534,1592,908,495,127,1530,62,2942
2900,광주광역시,서구제4선거구,5290204,2902,서구,서창동,관내사전투표,429,428,208,172,20,400,28,1
2900,광주광역시,서구제4선거구,5290204,2902,서구,서창동,선거일투표,4105,1164,700,323,107,1130,34,2941
2900,광주광역시,서구제4선거구,5290204,2902,서구,금호1동,계,16406,6442,4191,1328,642,6161,281,9964
2900,광주광역시,서구제4선거구,5290204,2902,서구,금호1동,관내사전투표,2408,2406,1554,496,205,2255,151,2
2900,광주광역시,서구제4선거구,5290204,2902,서구,금호1동,선거일투표,13998,4036,2637,832,437,3906,130,9962
2900,광주광역시,서구제4선거구,5290204,2902,서구,금호2동,계,21762,8515,5886,1602,809,8297,218,13247
2900,광주광역시,서구제4선거구,5290204,2902,서구,금호2동,관내사전투표,3332,3332,2332,620,289,3241,91,0
2900,광주광역시,서구제4선거구,5290204,2902,서구,금호2동,선거일투표,18430,5183,3554,982,520,5056,127,13247
2900,광주광역시,서구제4선거구,5290204,2902,서구,잘못 투입·구분된 투표지,,0,7,4,3,0,7,0,-7
2900,광주광역시,남구제1선거구,5290301,2903,남구,검색된 결과가 없습니다.
2900,광주광역시,남구제2선거구,5290302,2903,남구,검색된 결과가 없습니다.
2900,광주광역시,남구제3선거구,5290303,2903,남구,검색된 결과가 없습니다.
2900,광주광역시,북구제1선거구,5290401,2904,북구,검색된 결과가 없습니다.
2900,광주광역시,북구제2선거구,5290402,2904,북구,합계,,57089,21798,17581,3325,20906,892,35291
2900,광주광역시,북구제2선거구,5290402,2904,북구,거소투표,,73,71,61,8,69,2,2
2900,광주광역시,북구제2선거구,5290402,2904,북구,관외사전투표,,2808,2807,2186,507,2693,114,1
2900,광주광역시,북구제2선거구,5290402,2904,북구,우산동,계,8980,3204,2571,503,3074,130,5776
2900,광주광역시,북구제2선거구,5290402,2904,북구,우산동,관내사전투표,1589,1588,1279,239,1518,70,1
2900,광주광역시,북구제2선거구,5290402,2904,북구,우산동,선거일투표,7391,1616,1292,264,1556,60,5775
2900,광주광역시,북구제2선거구,5290402,2904,북구,문흥1동,계,12754,4962,4016,712,4728,234,7792
2900,광주광역시,북구제2선거구,5290402,2904,북구,문흥1동,관내사전투표,2330,2328,1896,299,2195,133,2
2900,광주광역시,북구제2선거구,5290402,2904,북구,문흥1동,선거일투표,10424,2634,2120,413,2533,101,7790
2900,광주광역시,북구제2선거구,5290402,2904,북구,문흥2동,계,12694,4365,3618,593,4211,154,8329
2900,광주광역시,북구제2선거구,5290402,2904,북구,문흥2동,관내사전투표,1808,1806,1562,184,1746,60,2
2900,광주광역시,북구제2선거구,5290402,2904,북구,문흥2동,선거일투표,10886,2559,2056,409,2465,94,8327
2900,광주광역시,북구제2선거구,5290402,2904,북구,오치1동,계,8875,2667,2109,451,2560,107,6208
2900,광주광역시,북구제2선거구,5290402,2904,북구,오치1동,관내사전투표,1026,1025,856,132,988,37,1
2900,광주광역시,북구제2선거구,5290402,2904,북구,오치1동,선거일투표,7849,1642,1253,319,1572,70,6207
2900,광주광역시,북구제2선거구,5290402,2904,북구,오치2동,계,10905,3715,3014,551,3565,150,7190
2900,광주광역시,북구제2선거구,5290402,2904,북구,오치2동,관내사전투표,1683,1681,1376,217,1593,88,2
2900,광주광역시,북구제2선거구,5290402,2904,북구,오치2동,선거일투표,9222,2034,1638,334,1972,62,7188
2900,광주광역시,북구제2선거구,5290402,2904,북구,잘못 투입·구분된 투표지,,0,7,6,0,6,1,-7
2900,광주광역시,북구제3선거구,5290403,2904,북구,검색된 결과가 없습니다.
2900,광주광역시,북구제4선거구,5290404,2904,북구,합계,,80352,31091,19691,10272,29963,1128,49261
2900,광주광역시,북구제4선거구,5290404,2904,북구,거소투표,,110,103,72,25,97,6,7
2900,광주광역시,북구제4선거구,5290404,2904,북구,관외사전투표,,4743,4742,3264,1281,4545,197,1
2900,광주광역시,북구제4선거구,5290404,2904,북구,용봉동,계,29970,9303,5853,3089,8942,361,20667
2900,광주광역시,북구제4선거구,5290404,2904,북구,용봉동,관내사전투표,2002,2000,1236,649,1885,115,2
2900,광주광역시,북구제4선거구,5290404,2904,북구,용봉동,선거일투표,27968,7303,4617,2440,7057,246,20665
2900,광주광역시,북구제4선거구,5290404,2904,북구,삼각동,계,11243,3747,2316,1307,3623,124,7496
2900,광주광역시,북구제4선거구,5290404,2904,북구,삼각동,관내사전투표,1530,1527,918,545,1463,64,3
2900,광주광역시,북구제4선거구,5290404,2904,북구,삼각동,선거일투표,9713,2220,1398,762,2160,60,7493
2900,광주광역시,북구제4선거구,5290404,2904,북구,일곡동,계,22735,8393,5436,2656,8092,301,14342
2900,광주광역시,북구제4선거구,5290404,2904,북구,일곡동,관내사전투표,3394,3391,2219,1036,3255,136,3
2900,광주광역시,북구제4선거구,5290404,2904,북구,일곡동,선거일투표,19341,5002,3217,1620,4837,165,14339
2900,광주광역시,북구제4선거구,5290404,2904,북구,매곡동,계,11551,4793,2745,1911,4656,137,6758
2900,광주광역시,북구제4선거구,5290404,2904,북구,매곡동,관내사전투표,2561,2561,1452,1021,2473,88,0
2900,광주광역시,북구제4선거구,5290404,2904,북구,매곡동,선거일투표,8990,2232,1293,890,2183,49,6758
2900,광주광역시,북구제4선거구,5290404,2904,북구,잘못 투입·구분된 투표지,,0,10,5,3,8,2,-10
2900,광주광역시,북구제5선거구,5290405,2904,북구,검색된 결과가 없습니다.
2900,광주광역시,북구제6선거구,5290406,2904,북구,합계,,70669,24144,17699,4562,978,23239,905,46525
2900,광주광역시,북구제6선거구,5290406,2904,북구,거소투표,,104,91,61,17,3,81,10,13
2900,광주광역시,북구제6선거구,5290406,2904,북구,관외사전투표,,3520,3519,2619,579,168,3366,153,1
2900,광주광역시,북구제6선거구,5290406,2904,북구,건국동,계,16529,5228,3778,1058,219,5055,173,11301
2900,광주광역시,북구제6선거구,5290406,2904,북구,건국동,관내사전투표,1968,1966,1372,404,95,1871,95,2
2900,광주광역시,북구제6선거구,5290406,2904,북구,건국동,선거일투표,14561,3262,2406,654,124,3184,78,11299
2900,광주광역시,북구제6선거구,5290406,2904,북구,양산동,계,29577,9145,6668,1715,356,8739,406,20432
2900,광주광역시,북구제6선거구,5290406,2904,북구,양산동,관내사전투표,3020,3019,2185,575,97,2857,162,1
2900,광주광역시,북구제6선거구,5290406,2904,북구,양산동,선거일투표,26557,6126,4483,1140,259,5882,244,20431
2900,광주광역시,북구제6선거구,5290406,2904,북구,신용동,계,20939,6154,4567,1193,232,5992,162,14785
2900,광주광역시,북구제6선거구,5290406,2904,북구,신용동,관내사전투표,1579,1579,1166,306,47,1519,60,0
2900,광주광역시,북구제6선거구,5290406,2904,북구,신용동,선거일투표,19360,4575,3401,887,185,4473,102,14785
2900,광주광역시,북구제6선거구,5290406,2904,북구,잘못 투입·구분된 투표지,,0,7,6,0,0,6,1,-7
2900,광주광역시,광산구제1선거구,5290501,2905,광산구,합계,,63644,23317,16171,6230,22401,916,40327
2900,광주광역시,광산구제1선거구,5290501,2905,광산구,거소투표,,82,77,54,13,67,10,5
2900,광주광역시,광산구제1선거구,5290501,2905,광산구,관외사전투표,,2644,2644,1944,609,2553,91,0
2900,광주광역시,광산구제1선거구,5290501,2905,광산구,송정1동,계,9133,3445,2458,872,3330,115,5688
2900,광주광역시,광산구제1선거구,5290501,2905,광산구,송정1동,관내사전투표,1323,1322,956,318,1274,48,1
2900,광주광역시,광산구제1선거구,5290501,2905,광산구,송정1동,선거일투표,7810,2123,1502,554,2056,67,5687
2900,광주광역시,광산구제1선거구,5290501,2905,광산구,송정2동,계,5841,2043,1492,454,1946,97,3798
2900,광주광역시,광산구제1선거구,5290501,2905,광산구,송정2동,관내사전투표,912,912,654,216,870,42,0
2900,광주광역시,광산구제1선거구,5290501,2905,광산구,송정2동,선거일투표,4929,1131,838,238,1076,55,3798
2900,광주광역시,광산구제1선거구,5290501,2905,광산구,도산동,계,12318,4362,3015,1212,4227,135,7956
2900,광주광역시,광산구제1선거구,5290501,2905,광산구,도산동,관내사전투표,1772,1771,1238,470,1708,63,1
2900,광주광역시,광산구제1선거구,5290501,2905,광산구,도산동,선거일투표,10546,2591,1777,742,2519,72,7955
2900,광주광역시,광산구제1선거구,5290501,2905,광산구,어룡동,계,24491,7165,4836,2100,6936,229,17326
2900,광주광역시,광산구제1선거구,5290501,2905,광산구,어룡동,관내사전투표,2010,2010,1275,681,1956,54,0
2900,광주광역시,광산구제1선거구,5290501,2905,광산구,어룡동,선거일투표,22481,5155,3561,1419,4980,175,17326
2900,광주광역시,광산구제1선거구,5290501,2905,광산구,동곡동,계,1700,778,559,184,743,35,922
2900,광주광역시,광산구제1선거구,5290501,2905,광산구,동곡동,관내사전투표,368,368,268,87,355,13,0
2900,광주광역시,광산구제1선거구,5290501,2905,광산구,동곡동,선거일투표,1332,410,291,97,388,22,922
2900,광주광역시,광산구제1선거구,5290501,2905,광산구,평동,계,3719,1260,778,412,1190,70,2459
2900,광주광역시,광산구제1선거구,5290501,2905,광산구,평동,관내사전투표,627,627,378,218,596,31,0
2900,광주광역시,광산구제1선거구,5290501,2905,광산구,평동,선거일투표,3092,633,400,194,594,39,2459
2900,광주광역시,광산구제1선거구,5290501,2905,광산구,삼도동,계,1982,830,555,189,744,86,1152
2900,광주광역시,광산구제1선거구,5290501,2905,광산구,삼도동,관내사전투표,396,396,250,82,332,64,0
2900,광주광역시,광산구제1선거구,5290501,2905,광산구,삼도동,선거일투표,1586,434,305,107,412,22,1152
2900,광주광역시,광산구제1선거구,5290501,2905,광산구,본량동,계,1734,707,476,184,660,47,1027
2900,광주광역시,광산구제1선거구,5290501,2905,광산구,본량동,관내사전투표,318,318,210,82,292,26,0
2900,광주광역시,광산구제1선거구,5290501,2905,광산구,본량동,선거일투표,1416,389,266,102,368,21,1027
2900,광주광역시,광산구제1선거구,5290501,2905,광산구,잘못 투입·구분된 투표지,,0,6,4,1,5,1,-6
2900,광주광역시,광산구제2선거구,5290502,2905,광산구,합계,,77143,26503,20187,5379,25566,937,50640
2900,광주광역시,광산구제2선거구,5290502,2905,광산구,거소투표,,106,94,70,12,82,12,12
2900,광주광역시,광산구제2선거구,5290502,2905,광산구,관외사전투표,,3295,3295,2526,611,3137,158,0
2900,광주광역시,광산구제2선거구,5290502,2905,광산구,신흥동,계,3648,1202,896,254,1150,52,2446
2900,광주광역시,광산구제2선거구,5290502,2905,광산구,신흥동,관내사전투표,434,434,326,90,416,18,0
2900,광주광역시,광산구제2선거구,5290502,2905,광산구,신흥동,선거일투표,3214,768,570,164,734,34,2446
2900,광주광역시,광산구제2선거구,5290502,2905,광산구,우산동,계,24400,7090,5473,1368,6841,249,17310
2900,광주광역시,광산구제2선거구,5290502,2905,광산구,우산동,관내사전투표,1928,1926,1511,344,1855,71,2
2900,광주광역시,광산구제2선거구,5290502,2905,광산구,우산동,선거일투표,22472,5164,3962,1024,4986,178,17308
2900,광주광역시,광산구제2선거구,5290502,2905,광산구,월곡1동,계,9495,3275,2501,684,3185,90,6220
2900,광주광역시,광산구제2선거구,5290502,2905,광산구,월곡1동,관내사전투표,1357,1357,1039,288,1327,30,0
2900,광주광역시,광산구제2선거구,5290502,2905,광산구,월곡1동,선거일투표,8138,1918,1462,396,1858,60,6220
2900,광주광역시,광산구제2선거구,5290502,2905,광산구,월곡2동,계,12112,3539,2685,739,3424,115,8573
2900,광주광역시,광산구제2선거구,5290502,2905,광산구,월곡2동,관내사전투표,1079,1079,827,227,1054,25,0
2900,광주광역시,광산구제2선거구,5290502,2905,광산구,월곡2동,선거일투표,11033,2460,1858,512,2370,90,8573
2900,광주광역시,광산구제2선거구,5290502,2905,광산구,운남동,계,24087,8007,6035,1711,7746,261,16080
2900,광주광역시,광산구제2선거구,5290502,2905,광산구,운남동,관내사전투표,2406,2406,1812,533,2345,61,0
2900,광주광역시,광산구제2선거구,5290502,2905,광산구,운남동,선거일투표,21681,5601,4223,1178,5401,200,16080
2900,광주광역시,광산구제2선거구,5290502,2905,광산구,잘못 투입·구분된 투표지,,0,1,1,0,1,0,-1
2900,광주광역시,광산구제3선거구,5290503,2905,광산구,검색된 결과가 없습니다.
2900,광주광역시,광산구제4선거구,5290504,2905,광산구,합계,,47887,15435,10504,4410,14914,521,32452
2900,광주광역시,광산구제4선거구,5290504,2905,광산구,거소투표,,66,59,37,12,49,10,7
2900,광주광역시,광산구제4선거구,5290504,2905,광산구,관외사전투표,,2101,2100,1493,487,1980,120,1
2900,광주광역시,광산구제4선거구,5290504,2905,광산구,비아동,계,5972,1503,1058,383,1441,62,4469
2900,광주광역시,광산구제4선거구,5290504,2905,광산구,비아동,관내사전투표,627,627,448,153,601,26,0
2900,광주광역시,광산구제4선거구,5290504,2905,광산구,비아동,선거일투표,5345,876,610,230,840,36,4469
2900,광주광역시,광산구제4선거구,5290504,2905,광산구,신가동,계,13675,4177,2807,1241,4048,129,9498
2900,광주광역시,광산구제4선거구,5290504,2905,광산구,신가동,관내사전투표,1327,1327,918,374,1292,35,0
2900,광주광역시,광산구제4선거구,5290504,2905,광산구,신가동,선거일투표,12348,2850,1889,867,2756,94,9498
2900,광주광역시,광산구제4선거구,5290504,2905,광산구,신창동,계,26073,7595,5108,2287,7395,200,18478
2900,광주광역시,광산구제4선거구,5290504,2905,광산구,신창동,관내사전투표,2555,2555,1815,678,2493,62,0
2900,광주광역시,광산구제4선거구,5290504,2905,광산구,신창동,선거일투표,23518,5040,3293,1609,4902,138,18478
2900,광주광역시,광산구제4선거구,5290504,2905,광산구,잘못 투입·구분된 투표지,,0,1,1,0,1,0,-1
2900,광주광역시,광산구제5선거구,5290505,2905,광산구,검색된 결과가 없습니다.3000,대전광역시,동구제1선거구,5300101,3001,동구,합계,,73365,36834,16307,19704,36011,823,36531
3000,대전광역시,동구제1선거구,5300101,3001,동구,거소투표,,98,89,36,45,81,8,9
3000,대전광역시,동구제1선거구,5300101,3001,동구,관외사전투표,,4213,4211,2068,2031,4099,112,2
3000,대전광역시,동구제1선거구,5300101,3001,동구,중앙동,계,3983,1862,665,1128,1793,69,2121
3000,대전광역시,동구제1선거구,5300101,3001,동구,중앙동,관내사전투표,694,692,281,369,650,42,2
3000,대전광역시,동구제1선거구,5300101,3001,동구,중앙동,선거일투표,3289,1170,384,759,1143,27,2119
3000,대전광역시,동구제1선거구,5300101,3001,동구,신인동,계,11082,5964,2547,3263,5810,154,5118
3000,대전광역시,동구제1선거구,5300101,3001,동구,신인동,관내사전투표,2535,2534,1149,1294,2443,91,1
3000,대전광역시,동구제1선거구,5300101,3001,동구,신인동,선거일투표,8547,3430,1398,1969,3367,63,5117
3000,대전광역시,동구제1선거구,5300101,3001,동구,효동,계,17912,8191,3891,4189,8080,111,9721
3000,대전광역시,동구제1선거구,5300101,3001,동구,효동,관내사전투표,2659,2658,1394,1240,2634,24,1
3000,대전광역시,동구제1선거구,5300101,3001,동구,효동,선거일투표,15253,5533,2497,2949,5446,87,9720
3000,대전광역시,동구제1선거구,5300101,3001,동구,홍도동,계,9410,3979,1682,2219,3901,78,5431
3000,대전광역시,동구제1선거구,5300101,3001,동구,홍도동,관내사전투표,1513,1513,669,813,1482,31,0
3000,대전광역시,동구제1선거구,5300101,3001,동구,홍도동,선거일투표,7897,2466,1013,1406,2419,47,5431
3000,대전광역시,동구제1선거구,5300101,3001,동구,삼성동,계,11337,5627,2409,3080,5489,138,5710
3000,대전광역시,동구제1선거구,5300101,3001,동구,삼성동,관내사전투표,1778,1774,792,917,1709,65,4
3000,대전광역시,동구제1선거구,5300101,3001,동구,삼성동,선거일투표,9559,3853,1617,2163,3780,73,5706
3000,대전광역시,동구제1선거구,5300101,3001,동구,산내동,계,15330,6902,3007,3742,6749,153,8428
3000,대전광역시,동구제1선거구,5300101,3001,동구,산내동,관내사전투표,2085,2085,941,1071,2012,73,0
3000,대전광역시,동구제1선거구,5300101,3001,동구,산내동,선거일투표,13245,4817,2066,2671,4737,80,8428
3000,대전광역시,동구제1선거구,5300101,3001,동구,잘못 투입·구분된 투표지,,0,9,2,7,9,0,-9
3000,대전광역시,동구제2선거구,5300102,3001,동구,합계,,62144,31361,13137,17583,30720,641,30783
3000,대전광역시,동구제2선거구,5300102,3001,동구,거소투표,,111,107,36,60,96,11,4
3000,대전광역시,동구제2선거구,5300102,3001,동구,관외사전투표,,3142,3140,1572,1483,3055,85,2
3000,대전광역시,동구제2선거구,5300102,3001,동구,판암1동,계,9999,5001,2069,2829,4898,103,4998
3000,대전광역시,동구제2선거구,5300102,3001,동구,판암1동,관내사전투표,1877,1874,749,1075,1824,50,3
3000,대전광역시,동구제2선거구,5300102,3001,동구,판암1동,선거일투표,8122,3127,1320,1754,3074,53,4995
3000,대전광역시,동구제2선거구,5300102,3001,동구,판암2동,계,7964,4061,1480,2442,3922,139,3903
3000,대전광역시,동구제2선거구,5300102,3001,동구,판암2동,관내사전투표,1885,1884,713,1070,1783,101,1
3000,대전광역시,동구제2선거구,5300102,3001,동구,판암2동,선거일투표,6079,2177,767,1372,2139,38,3902
3000,대전광역시,동구제2선거구,5300102,3001,동구,용운동,계,17673,8358,3670,4579,8249,109,9315
3000,대전광역시,동구제2선거구,5300102,3001,동구,용운동,관내사전투표,2830,2828,1282,1502,2784,44,2
3000,대전광역시,동구제2선거구,5300102,3001,동구,용운동,선거일투표,14843,5530,2388,3077,5465,65,9313
3000,대전광역시,동구제2선거구,5300102,3001,동구,대동,계,11477,5680,2454,3136,5590,90,5797
3000,대전광역시,동구제2선거구,5300102,3001,동구,대동,관내사전투표,2291,2288,1048,1192,2240,48,3
3000,대전광역시,동구제2선거구,5300102,3001,동구,대동,선거일투표,9186,3392,1406,1944,3350,42,5794
3000,대전광역시,동구제2선거구,5300102,3001,동구,자양동,계,9732,3874,1526,2268,3794,80,5858
3000,대전광역시,동구제2선거구,5300102,3001,동구,자양동,관내사전투표,1551,1551,659,849,1508,43,0
3000,대전광역시,동구제2선거구,5300102,3001,동구,자양동,선거일투표,8181,2323,867,1419,2286,37,5858
3000,대전광역시,동구제2선거구,5300102,3001,동구,대청동,계,2046,1129,321,784,1105,24,917
3000,대전광역시,동구제2선거구,5300102,3001,동구,대청동,관내사전투표,362,362,112,238,350,12,0
3000,대전광역시,동구제2선거구,5300102,3001,동구,대청동,선거일투표,1684,767,209,546,755,12,917
3000,대전광역시,동구제2선거구,5300102,3001,동구,잘못 투입·구분된 투표지,,0,11,9,2,11,0,-11
3000,대전광역시,동구제3선거구,5300103,3001,동구,합계,,56373,25839,10166,13503,1773,25442,397,30534
3000,대전광역시,동구제3선거구,5300103,3001,동구,거소투표,,64,61,21,26,4,51,10,3
3000,대전광역시,동구제3선거구,5300103,3001,동구,관외사전투표,,2772,2771,1369,1169,165,2703,68,1
3000,대전광역시,동구제3선거구,5300103,3001,동구,가양1동,계,11515,5505,1999,2946,476,5421,84,6010
3000,대전광역시,동구제3선거구,5300103,3001,동구,가양1동,관내사전투표,2268,2267,914,1124,192,2230,37,1
3000,대전광역시,동구제3선거구,5300103,3001,동구,가양1동,선거일투표,9247,3238,1085,1822,284,3191,47,6009
3000,대전광역시,동구제3선거구,5300103,3001,동구,가양2동,계,15159,6280,2315,3365,530,6210,70,8879
3000,대전광역시,동구제3선거구,5300103,3001,동구,가양2동,관내사전투표,1966,1963,785,1024,136,1945,18,3
3000,대전광역시,동구제3선거구,5300103,3001,동구,가양2동,선거일투표,13193,4317,1530,2341,394,4265,52,8876
3000,대전광역시,동구제3선거구,5300103,3001,동구,용전동,계,17513,6590,2655,3504,329,6488,102,10923
3000,대전광역시,동구제3선거구,5300103,3001,동구,용전동,관내사전투표,2087,2087,920,1016,111,2047,40,0
3000,대전광역시,동구제3선거구,5300103,3001,동구,용전동,선거일투표,15426,4503,1735,2488,218,4441,62,10923
3000,대전광역시,동구제3선거구,5300103,3001,동구,성남동,계,9350,4616,1803,2482,269,4554,62,4734
3000,대전광역시,동구제3선거구,5300103,3001,동구,성남동,관내사전투표,1474,1468,586,792,71,1449,19,6
3000,대전광역시,동구제3선거구,5300103,3001,동구,성남동,선거일투표,7876,3148,1217,1690,198,3105,43,4728
3000,대전광역시,동구제3선거구,5300103,3001,동구,잘못 투입·구분된 투표지,,0,16,4,11,0,15,1,-16
3000,대전광역시,중구제1선거구,5300201,3002,중구,합계,,55551,25625,11045,14013,25058,567,29926
3000,대전광역시,중구제1선거구,5300201,3002,중구,거소투표,,76,60,30,28,58,2,16
3000,대전광역시,중구제1선거구,5300201,3002,중구,관외사전투표,,2987,2985,1524,1393,2917,68,2
3000,대전광역시,중구제1선거구,5300201,3002,중구,은행선화동,계,12906,4885,2124,2667,4791,94,8021
3000,대전광역시,중구제1선거구,5300201,3002,중구,은행선화동,관내사전투표,1530,1530,750,751,1501,29,0
3000,대전광역시,중구제1선거구,5300201,3002,중구,은행선화동,선거일투표,11376,3355,1374,1916,3290,65,8021
3000,대전광역시,중구제1선거구,5300201,3002,중구,대흥동,계,11312,4742,2170,2476,4646,96,6570
3000,대전광역시,중구제1선거구,5300201,3002,중구,대흥동,관내사전투표,1617,1617,810,764,1574,43,0
3000,대전광역시,중구제1선거구,5300201,3002,중구,대흥동,선거일투표,9695,3125,1360,1712,3072,53,6570
3000,대전광역시,중구제1선거구,5300201,3002,중구,문창동,계,4172,1997,805,1154,1959,38,2175
3000,대전광역시,중구제1선거구,5300201,3002,중구,문창동,관내사전투표,675,675,287,367,654,21,0
3000,대전광역시,중구제1선거구,5300201,3002,중구,문창동,선거일투표,3497,1322,518,787,1305,17,2175
3000,대전광역시,중구제1선거구,5300201,3002,중구,석교동,계,13410,6091,2423,3519,5942,149,7319
3000,대전광역시,중구제1선거구,5300201,3002,중구,석교동,관내사전투표,1889,1887,806,1012,1818,69,2
3000,대전광역시,중구제1선거구,5300201,3002,중구,석교동,선거일투표,11521,4204,1617,2507,4124,80,7317
3000,대전광역시,중구제1선거구,5300201,3002,중구,대사동,계,4916,2206,825,1332,2157,49,2710
3000,대전광역시,중구제1선거구,5300201,3002,중구,대사동,관내사전투표,903,902,352,521,873,29,1
3000,대전광역시,중구제1선거구,5300201,3002,중구,대사동,선거일투표,4013,1304,473,811,1284,20,2709
3000,대전광역시,중구제1선거구,5300201,3002,중구,부사동,계,5772,2654,1143,1440,2583,71,3118
3000,대전광역시,중구제1선거구,5300201,3002,중구,부사동,관내사전투표,942,941,428,489,917,24,1
3000,대전광역시,중구제1선거구,5300201,3002,중구,부사동,선거일투표,4830,1713,715,951,1666,47,3117
3000,대전광역시,중구제1선거구,5300201,3002,중구,잘못 투입·구분된 투표지,,0,5,1,4,5,0,-5
3000,대전광역시,중구제2선거구,5300202,3002,중구,합계,,73102,39297,15185,19816,3718,38719,578,33805
3000,대전광역시,중구제2선거구,5300202,3002,중구,거소투표,,92,84,32,40,9,81,3,8
3000,대전광역시,중구제2선거구,5300202,3002,중구,관외사전투표,,4222,4221,1827,1910,382,4119,102,1
3000,대전광역시,중구제2선거구,5300202,3002,중구,목동,계,10354,5343,2379,2278,632,5289,54,5011
3000,대전광역시,중구제2선거구,5300202,3002,중구,목동,관내사전투표,2023,2023,954,813,236,2003,20,0
3000,대전광역시,중구제2선거구,5300202,3002,중구,목동,선거일투표,8331,3320,1425,1465,396,3286,34,5011
3000,대전광역시,중구제2선거구,5300202,3002,중구,중촌동,계,11436,5587,2150,2873,491,5514,73,5849
3000,대전광역시,중구제2선거구,5300202,3002,중구,중촌동,관내사전투표,1536,1536,582,790,140,1512,24,0
3000,대전광역시,중구제2선거구,5300202,3002,중구,중촌동,선거일투표,9900,4051,1568,2083,351,4002,49,5849
3000,대전광역시,중구제2선거구,5300202,3002,중구,용두동,계,8059,3875,1477,1916,415,3808,67,4184
3000,대전광역시,중구제2선거구,5300202,3002,중구,용두동,관내사전투표,1506,1506,602,704,168,1474,32,0
3000,대전광역시,중구제2선거구,5300202,3002,중구,용두동,선거일투표,6553,2369,875,1212,247,2334,35,4184
3000,대전광역시,중구제2선거구,5300202,3002,중구,오류동,계,8928,4521,1613,2433,395,4441,80,4407
3000,대전광역시,중구제2선거구,5300202,3002,중구,오류동,관내사전투표,1704,1700,616,891,162,1669,31,4
3000,대전광역시,중구제2선거구,5300202,3002,중구,오류동,선거일투표,7224,2821,997,1542,233,2772,49,4403
3000,대전광역시,중구제2선거구,5300202,3002,중구,태평1동,계,10475,5419,2147,2708,504,5359,60,5056
3000,대전광역시,중구제2선거구,5300202,3002,중구,태평1동,관내사전투표,1684,1684,700,807,155,1662,22,0
3000,대전광역시,중구제2선거구,5300202,3002,중구,태평1동,선거일투표,8791,3735,1447,1901,349,3697,38,5056
3000,대전광역시,중구제2선거구,5300202,3002,중구,태평2동,계,19536,10230,3555,5648,888,10091,139,9306
3000,대전광역시,중구제2선거구,5300202,3002,중구,태평2동,관내사전투표,3120,3119,1193,1624,253,3070,49,1
3000,대전광역시,중구제2선거구,5300202,3002,중구,태평2동,선거일투표,16416,7111,2362,4024,635,7021,90,9305
3000,대전광역시,중구제2선거구,5300202,3002,중구,잘못 투입·구분된 투표지,,0,17,5,10,2,17,0,-17
3000,대전광역시,중구제3선거구,5300203,3002,중구,합계,,71241,35407,14237,20443,34680,727,35834
3000,대전광역시,중구제3선거구,5300203,3002,중구,거소투표,,103,100,47,48,95,5,3
3000,대전광역시,중구제3선거구,5300203,3002,중구,관외사전투표,,3815,3815,1907,1827,3734,81,0
3000,대전광역시,중구제3선거구,5300203,3002,중구,유천1동,계,5708,2373,904,1397,2301,72,3335
3000,대전광역시,중구제3선거구,5300203,3002,중구,유천1동,관내사전투표,858,858,360,452,812,46,0
3000,대전광역시,중구제3선거구,5300203,3002,중구,유천1동,선거일투표,4850,1515,544,945,1489,26,3335
3000,대전광역시,중구제3선거구,5300203,3002,중구,유천2동,계,11411,5460,2114,3227,5341,119,5951
3000,대전광역시,중구제3선거구,5300203,3002,중구,유천2동,관내사전투표,1767,1759,701,995,1696,63,8
3000,대전광역시,중구제3선거구,5300203,3002,중구,유천2동,선거일투표,9644,3701,1413,2232,3645,56,5943
3000,대전광역시,중구제3선거구,5300203,3002,중구,문화1동,계,16905,8713,3448,5137,8585,128,8192
3000,대전광역시,중구제3선거구,5300203,3002,중구,문화1동,관내사전투표,2608,2606,1093,1478,2571,35,2
3000,대전광역시,중구제3선거구,5300203,3002,중구,문화1동,선거일투표,14297,6107,2355,3659,6014,93,8190
3000,대전광역시,중구제3선거구,5300203,3002,중구,문화2동,계,10732,5218,2071,3022,5093,125,5514
3000,대전광역시,중구제3선거구,5300203,3002,중구,문화2동,관내사전투표,2053,2052,847,1139,1986,66,1
3000,대전광역시,중구제3선거구,5300203,3002,중구,문화2동,선거일투표,8679,3166,1224,1883,3107,59,5513
3000,대전광역시,중구제3선거구,5300203,3002,중구,산성동,계,22567,9709,3743,5771,9514,195,12858
3000,대전광역시,중구제3선거구,5300203,3002,중구,산성동,관내사전투표,2397,2396,935,1404,2339,57,1
3000,대전광역시,중구제3선거구,5300203,3002,중구,산성동,선거일투표,20170,7313,2808,4367,7175,138,12857
3000,대전광역시,중구제3선거구,5300203,3002,중구,잘못 투입·구분된 투표지,,0,19,3,14,17,2,-19
3000,대전광역시,서구제1선거구,5300301,3003,서구,합계,,61124,29644,12393,16504,28897,747,31480
3000,대전광역시,서구제1선거구,5300301,3003,서구,거소투표,,85,79,34,42,76,3,6
3000,대전광역시,서구제1선거구,5300301,3003,서구,관외사전투표,,3015,3014,1491,1451,2942,72,1
3000,대전광역시,서구제1선거구,5300301,3003,서구,복수동,계,16777,7909,3426,4242,7668,241,8868
3000,대전광역시,서구제1선거구,5300301,3003,서구,복수동,관내사전투표,2666,2665,1251,1381,2632,33,1
3000,대전광역시,서구제1선거구,5300301,3003,서구,복수동,선거일투표,14111,5244,2175,2861,5036,208,8867
3000,대전광역시,서구제1선거구,5300301,3003,서구,도마1동,계,13220,5480,2013,3348,5361,119,7740
3000,대전광역시,서구제1선거구,5300301,3003,서구,도마1동,관내사전투표,2164,2163,783,1320,2103,60,1
3000,대전광역시,서구제1선거구,5300301,3003,서구,도마1동,선거일투표,11056,3317,1230,2028,3258,59,7739
3000,대전광역시,서구제1선거구,5300301,3003,서구,도마2동,계,14628,6480,2482,3815,6297,183,8148
3000,대전광역시,서구제1선거구,5300301,3003,서구,도마2동,관내사전투표,1833,1831,760,1024,1784,47,2
3000,대전광역시,서구제1선거구,5300301,3003,서구,도마2동,선거일투표,12795,4649,1722,2791,4513,136,8146
3000,대전광역시,서구제1선거구,5300301,3003,서구,정림동,계,13399,6671,2943,3600,6543,128,6728
3000,대전광역시,서구제1선거구,5300301,3003,서구,정림동,관내사전투표,2628,2625,1232,1333,2565,60,3
3000,대전광역시,서구제1선거구,5300301,3003,서구,정림동,선거일투표,10771,4046,1711,2267,3978,68,6725
3000,대전광역시,서구제1선거구,5300301,3003,서구,잘못 투입·구분된 투표지,,0,11,4,6,10,1,-11
3000,대전광역시,서구제2선거구,5300302,3003,서구,합계,,60965,27607,10785,13866,2279,26930,677,33358
3000,대전광역시,서구제2선거구,5300302,3003,서구,거소투표,,69,64,21,32,7,60,4,5
3000,대전광역시,서구제2선거구,5300302,3003,서구,관외사전투표,,3693,3691,1728,1593,279,3600,91,2
3000,대전광역시,서구제2선거구,5300302,3003,서구,변동,계,13226,5360,1998,2951,348,5297,63,7866
3000,대전광역시,서구제2선거구,5300302,3003,서구,변동,관내사전투표,1468,1467,566,791,89,1446,21,1
3000,대전광역시,서구제2선거구,5300302,3003,서구,변동,선거일투표,11758,3893,1432,2160,259,3851,42,7865
3000,대전광역시,서구제2선거구,5300302,3003,서구,괴정동,계,16175,4886,1972,2265,469,4706,180,11289
3000,대전광역시,서구제2선거구,5300302,3003,서구,괴정동,관내사전투표,1365,1364,584,609,125,1318,46,1
3000,대전광역시,서구제2선거구,5300302,3003,서구,괴정동,선거일투표,14810,3522,1388,1656,344,3388,134,11288
3000,대전광역시,서구제2선거구,5300302,3003,서구,가장동,계,9384,4769,1723,2470,406,4599,170,4615
3000,대전광역시,서구제2선거구,5300302,3003,서구,가장동,관내사전투표,1552,1552,625,789,121,1535,17,0
3000,대전광역시,서구제2선거구,5300302,3003,서구,가장동,선거일투표,7832,3217,1098,1681,285,3064,153,4615
3000,대전광역시,서구제2선거구,5300302,3003,서구,내동,계,18418,8832,3341,4554,769,8664,168,9586
3000,대전광역시,서구제2선거구,5300302,3003,서구,내동,관내사전투표,2527,2527,1010,1208,238,2456,71,0
3000,대전광역시,서구제2선거구,5300302,3003,서구,내동,선거일투표,15891,6305,2331,3346,531,6208,97,9586
3000,대전광역시,서구제2선거구,5300302,3003,서구,잘못 투입·구분된 투표지,,0,5,2,1,1,4,1,-5
3000,대전광역시,서구제3선거구,5300303,3003,서구,합계,,91323,43429,20089,22244,42333,1096,47894
3000,대전광역시,서구제3선거구,5300303,3003,서구,거소투표,,102,96,32,57,89,7,6
3000,대전광역시,서구제3선거구,5300303,3003,서구,관외사전투표,,4990,4990,2520,2339,4859,131,0
3000,대전광역시,서구제3선거구,5300303,3003,서구,가수원동,계,33130,14613,6563,7787,14350,263,18517
3000,대전광역시,서구제3선거구,5300303,3003,서구,가수원동,관내사전투표,2940,2937,1355,1508,2863,74,3
3000,대전광역시,서구제3선거구,5300303,3003,서구,가수원동,선거일투표,30190,11676,5208,6279,11487,189,18514
3000,대전광역시,서구제3선거구,5300303,3003,서구,관저1동,계,12737,5940,2644,3039,5683,257,6797
3000,대전광역시,서구제3선거구,5300303,3003,서구,관저1동,관내사전투표,2506,2504,1179,1219,2398,106,2
3000,대전광역시,서구제3선거구,5300303,3003,서구,관저1동,선거일투표,10231,3436,1465,1820,3285,151,6795
3000,대전광역시,서구제3선거구,5300303,3003,서구,관저2동,계,37020,16057,7788,7931,15719,338,20963
3000,대전광역시,서구제3선거구,5300303,3003,서구,관저2동,관내사전투표,5386,5382,2770,2497,5267,115,4
3000,대전광역시,서구제3선거구,5300303,3003,서구,관저2동,선거일투표,31634,10675,5018,5434,10452,223,20959
3000,대전광역시,서구제3선거구,5300303,3003,서구,기성동,계,3344,1720,534,1086,1620,100,1624
3000,대전광역시,서구제3선거구,5300303,3003,서구,기성동,관내사전투표,801,801,258,478,736,65,0
3000,대전광역시,서구제3선거구,5300303,3003,서구,기성동,선거일투표,2543,919,276,608,884,35,1624
3000,대전광역시,서구제3선거구,5300303,3003,서구,잘못 투입·구분된 투표지,,0,13,8,5,13,0,-13
3000,대전광역시,서구제4선거구,5300304,3003,서구,합계,,76243,31630,14086,16795,30881,749,44613
3000,대전광역시,서구제4선거구,5300304,3003,서구,거소투표,,75,68,24,35,59,9,7
3000,대전광역시,서구제4선거구,5300304,3003,서구,관외사전투표,,4856,4854,2492,2257,4749,105,2
3000,대전광역시,서구제4선거구,5300304,3003,서구,용문동,계,10985,4246,1691,2400,4091,155,6739
3000,대전광역시,서구제4선거구,5300304,3003,서구,용문동,관내사전투표,1738,1737,777,921,1698,39,1
3000,대전광역시,서구제4선거구,5300304,3003,서구,용문동,선거일투표,9247,2509,914,1479,2393,116,6738
3000,대전광역시,서구제4선거구,5300304,3003,서구,탄방동,계,21538,8331,3676,4464,8140,191,13207
3000,대전광역시,서구제4선거구,5300304,3003,서구,탄방동,관내사전투표,2049,2048,985,1032,2017,31,1
3000,대전광역시,서구제4선거구,5300304,3003,서구,탄방동,선거일투표,19489,6283,2691,3432,6123,160,13206
3000,대전광역시,서구제4선거구,5300304,3003,서구,갈마1동,계,18108,6979,2897,3919,6816,163,11129
3000,대전광역시,서구제4선거구,5300304,3003,서구,갈마1동,관내사전투표,2493,2490,1033,1404,2437,53,3
3000,대전광역시,서구제4선거구,5300304,3003,서구,갈마1동,선거일투표,15615,4489,1864,2515,4379,110,11126
3000,대전광역시,서구제4선거구,5300304,3003,서구,갈마2동,계,20681,7137,3302,3709,7011,126,13544
3000,대전광역시,서구제4선거구,5300304,3003,서구,갈마2동,관내사전투표,2650,2649,1220,1376,2596,53,1
3000,대전광역시,서구제4선거구,5300304,3003,서구,갈마2동,선거일투표,18031,4488,2082,2333,4415,73,13543
3000,대전광역시,서구제4선거구,5300304,3003,서구,잘못 투입·구분된 투표지,,0,15,4,11,15,0,-15
3000,대전광역시,서구제5선거구,5300305,3003,서구,합계,,57798,32539,14816,17290,32106,433,25259
3000,대전광역시,서구제5선거구,5300305,3003,서구,거소투표,,88,85,33,46,79,6,3
3000,대전광역시,서구제5선거구,5300305,3003,서구,관외사전투표,,3563,3561,1734,1746,3480,81,2
3000,대전광역시,서구제5선거구,5300305,3003,서구,둔산1동,계,12071,7004,2811,4138,6949,55,5067
3000,대전광역시,서구제5선거구,5300305,3003,서구,둔산1동,관내사전투표,2207,2207,1121,1064,2185,22,0
3000,대전광역시,서구제5선거구,5300305,3003,서구,둔산1동,선거일투표,9864,4797,1690,3074,4764,33,5067
3000,대전광역시,서구제5선거구,5300305,3003,서구,둔산2동,계,26030,12745,6408,6200,12608,137,13285
3000,대전광역시,서구제5선거구,5300305,3003,서구,둔산2동,관내사전투표,2246,2244,1222,993,2215,29,2
3000,대전광역시,서구제5선거구,5300305,3003,서구,둔산2동,선거일투표,23784,10501,5186,5207,10393,108,13283
3000,대전광역시,서구제5선거구,5300305,3003,서구,둔산3동,계,16046,9133,3826,5153,8979,154,6913
3000,대전광역시,서구제5선거구,5300305,3003,서구,둔산3동,관내사전투표,3672,3670,1621,2005,3626,44,2
3000,대전광역시,서구제5선거구,5300305,3003,서구,둔산3동,선거일투표,12374,5463,2205,3148,5353,110,6911
3000,대전광역시,서구제5선거구,5300305,3003,서구,잘못 투입·구분된 투표지,,0,11,4,7,11,0,-11
3000,대전광역시,서구제6선거구,5300306,3003,서구,합계,,51582,27658,12555,14644,27199,459,23924
3000,대전광역시,서구제6선거구,5300306,3003,서구,거소투표,,66,65,31,30,61,4,1
3000,대전광역시,서구제6선거구,5300306,3003,서구,관외사전투표,,2719,2718,1393,1269,2662,56,1
3000,대전광역시,서구제6선거구,5300306,3003,서구,월평1동,계,10243,3683,1704,1902,3606,77,6560
3000,대전광역시,서구제6선거구,5300306,3003,서구,월평1동,관내사전투표,1123,1123,601,498,1099,24,0
3000,대전광역시,서구제6선거구,5300306,3003,서구,월평1동,선거일투표,9120,2560,1103,1404,2507,53,6560
3000,대전광역시,서구제6선거구,5300306,3003,서구,월평2동,계,12298,6705,2732,3847,6579,126,5593
3000,대전광역시,서구제6선거구,5300306,3003,서구,월평2동,관내사전투표,2693,2691,1122,1497,2619,72,2
3000,대전광역시,서구제6선거구,5300306,3003,서구,월평2동,선거일투표,9605,4014,1610,2350,3960,54,5591
3000,대전광역시,서구제6선거구,5300306,3003,서구,월평3동,계,15944,9092,4095,4880,8975,117,6852
3000,대전광역시,서구제6선거구,5300306,3003,서구,월평3동,관내사전투표,2840,2837,1346,1457,2803,34,3
3000,대전광역시,서구제6선거구,5300306,3003,서구,월평3동,선거일투표,13104,6255,2749,3423,6172,83,6849
3000,대전광역시,서구제6선거구,5300306,3003,서구,만년동,계,10312,5385,2596,2710,5306,79,4927
3000,대전광역시,서구제6선거구,5300306,3003,서구,만년동,관내사전투표,2088,2087,1053,996,2049,38,1
3000,대전광역시,서구제6선거구,5300306,3003,서구,만년동,선거일투표,8224,3298,1543,1714,3257,41,4926
3000,대전광역시,서구제6선거구,5300306,3003,서구,잘못 투입·구분된 투표지,,0,10,4,6,10,0,-10
3000,대전광역시,유성구제1선거구,5300401,3004,유성구,합계,,77057,39272,18945,19763,38708,564,37785
3000,대전광역시,유성구제1선거구,5300401,3004,유성구,거소투표,,118,114,52,51,103,11,4
3000,대전광역시,유성구제1선거구,5300401,3004,유성구,관외사전투표,,5276,5274,2620,2532,5152,122,2
3000,대전광역시,유성구제1선거구,5300401,3004,유성구,진잠동,계,19932,8875,4686,4073,8759,116,11057
3000,대전광역시,유성구제1선거구,5300401,3004,유성구,진잠동,관내사전투표,2329,2329,1300,977,2277,52,0
3000,대전광역시,유성구제1선거구,5300401,3004,유성구,진잠동,선거일투표,17603,6546,3386,3096,6482,64,11057
3000,대전광역시,유성구제1선거구,5300401,3004,유성구,학하동,계,13441,6196,2817,3312,6129,67,7245
3000,대전광역시,유성구제1선거구,5300401,3004,유성구,학하동,관내사전투표,2070,2062,994,1035,2029,33,8
3000,대전광역시,유성구제1선거구,5300401,3004,유성구,학하동,선거일투표,11371,4134,1823,2277,4100,34,7237
3000,대전광역시,유성구제1선거구,5300401,3004,유성구,원신흥동,계,21228,10228,4849,5215,10064,164,11000
3000,대전광역시,유성구제1선거구,5300401,3004,유성구,원신흥동,관내사전투표,3326,3319,1611,1638,3249,70,7
3000,대전광역시,유성구제1선거구,5300401,3004,유성구,원신흥동,선거일투표,17902,6909,3238,3577,6815,94,10993
3000,대전광역시,유성구제1선거구,5300401,3004,유성구,상대동,계,17062,8559,3912,4565,8477,82,8503
3000,대전광역시,유성구제1선거구,5300401,3004,유성구,상대동,관내사전투표,2194,2186,1118,1045,2163,23,8
3000,대전광역시,유성구제1선거구,5300401,3004,유성구,상대동,선거일투표,14868,6373,2794,3520,6314,59,8495
3000,대전광역시,유성구제1선거구,5300401,3004,유성구,잘못 투입·구분된 투표지,,0,26,9,15,24,2,-26
3000,대전광역시,유성구제2선거구,5300402,3004,유성구,합계,,76535,37644,18593,18428,37021,623,38891
3000,대전광역시,유성구제2선거구,5300402,3004,유성구,거소투표,,88,80,38,38,76,4,8
3000,대전광역시,유성구제2선거구,5300402,3004,유성구,관외사전투표,,4749,4748,2609,2019,4628,120,1
3000,대전광역시,유성구제2선거구,5300402,3004,유성구,온천1동,계,24014,9232,4168,4904,9072,160,14782
3000,대전광역시,유성구제2선거구,5300402,3004,유성구,온천1동,관내사전투표,3353,3350,1596,1687,3283,67,3
3000,대전광역시,유성구제2선거구,5300402,3004,유성구,온천1동,선거일투표,20661,5882,2572,3217,5789,93,14779
3000,대전광역시,유성구제2선거구,5300402,3004,유성구,온천2동,계,31199,15088,7356,7504,14860,228,16111
3000,대전광역시,유성구제2선거구,5300402,3004,유성구,온천2동,관내사전투표,3025,3018,1661,1308,2969,49,7
3000,대전광역시,유성구제2선거구,5300402,3004,유성구,온천2동,선거일투표,28174,12070,5695,6196,11891,179,16104
3000,대전광역시,유성구제2선거구,5300402,3004,유성구,노은1동,계,16485,8482,4415,3956,8371,111,8003
3000,대전광역시,유성구제2선거구,5300402,3004,유성구,노은1동,관내사전투표,3016,3016,1655,1307,2962,54,0
3000,대전광역시,유성구제2선거구,5300402,3004,유성구,노은1동,선거일투표,13469,5466,2760,2649,5409,57,8003
3000,대전광역시,유성구제2선거구,5300402,3004,유성구,잘못 투입·구분된 투표지,,0,14,7,7,14,0,-14
3000,대전광역시,유성구제3선거구,5300403,3004,유성구,합계,,69081,37778,19993,17245,37238,540,31303
3000,대전광역시,유성구제3선거구,5300403,3004,유성구,거소투표,,79,73,35,29,64,9,6
3000,대전광역시,유성구제3선거구,5300403,3004,유성구,관외사전투표,,4841,4836,2563,2169,4732,104,5
3000,대전광역시,유성구제3선거구,5300403,3004,유성구,노은2동,계,17460,8871,4686,4047,8733,138,8589
3000,대전광역시,유성구제3선거구,5300403,3004,유성구,노은2동,관내사전투표,2330,2324,1271,1013,2284,40,6
3000,대전광역시,유성구제3선거구,5300403,3004,유성구,노은2동,선거일투표,15130,6547,3415,3034,6449,98,8583
3000,대전광역시,유성구제3선거구,5300403,3004,유성구,노은3동,계,27149,14455,7987,6318,14305,150,12694
3000,대전광역시,유성구제3선거구,5300403,3004,유성구,노은3동,관내사전투표,4526,4522,2623,1844,4467,55,4
3000,대전광역시,유성구제3선거구,5300403,3004,유성구,노은3동,선거일투표,22623,9933,5364,4474,9838,95,12690
3000,대전광역시,유성구제3선거구,5300403,3004,유성구,신성동,계,19552,9522,4713,4671,9384,138,10030
3000,대전광역시,유성구제3선거구,5300403,3004,유성구,신성동,관내사전투표,2804,2801,1541,1217,2758,43,3
3000,대전광역시,유성구제3선거구,5300403,3004,유성구,신성동,선거일투표,16748,6721,3172,3454,6626,95,10027
3000,대전광역시,유성구제3선거구,5300403,3004,유성구,잘못 투입·구분된 투표지,,0,21,9,11,20,1,-21
3000,대전광역시,유성구제4선거구,5300404,3004,유성구,합계,,67307,34856,17871,16459,34330,526,32451
3000,대전광역시,유성구제4선거구,5300404,3004,유성구,거소투표,,107,103,45,52,97,6,4
3000,대전광역시,유성구제4선거구,5300404,3004,유성구,관외사전투표,,3099,3097,1554,1459,3013,84,2
3000,대전광역시,유성구제4선거구,5300404,3004,유성구,전민동,계,20818,11025,5567,5299,10866,159,9793
3000,대전광역시,유성구제4선거구,5300404,3004,유성구,전민동,관내사전투표,3540,3538,1951,1527,3478,60,2
3000,대전광역시,유성구제4선거구,5300404,3004,유성구,전민동,선거일투표,17278,7487,3616,3772,7388,99,9791
3000,대전광역시,유성구제4선거구,5300404,3004,유성구,구즉동,계,21975,9496,4919,4431,9350,146,12479
3000,대전광역시,유성구제4선거구,5300404,3004,유성구,구즉동,관내사전투표,3349,3340,1848,1417,3265,75,9
3000,대전광역시,유성구제4선거구,5300404,3004,유성구,구즉동,선거일투표,18626,6156,3071,3014,6085,71,12470
3000,대전광역시,유성구제4선거구,5300404,3004,유성구,관평동,계,21308,11070,5755,5190,10945,125,10238
3000,대전광역시,유성구제4선거구,5300404,3004,유성구,관평동,관내사전투표,4125,4072,2282,1730,4012,60,53
3000,대전광역시,유성구제4선거구,5300404,3004,유성구,관평동,선거일투표,17183,6998,3473,3460,6933,65,10185
3000,대전광역시,유성구제4선거구,5300404,3004,유성구,잘못 투입·구분된 투표지,,0,65,31,28,59,6,-65
3000,대전광역시,대덕구제1선거구,5300501,3005,대덕구,합계,,44585,23090,8748,11365,869,1483,22465,625,21495
3000,대전광역시,대덕구제1선거구,5300501,3005,대덕구,거소투표,,64,59,25,27,1,5,58,1,5
3000,대전광역시,대덕구제1선거구,5300501,3005,대덕구,관외사전투표,,2538,2538,1190,1052,93,135,2470,68,0
3000,대전광역시,대덕구제1선거구,5300501,3005,대덕구,오정동,계,12209,5333,1851,2766,132,433,5182,151,6876
3000,대전광역시,대덕구제1선거구,5300501,3005,대덕구,오정동,관내사전투표,1399,1397,548,679,34,110,1371,26,2
3000,대전광역시,대덕구제1선거구,5300501,3005,대덕구,오정동,선거일투표,10810,3936,1303,2087,98,323,3811,125,6874
3000,대전광역시,대덕구제1선거구,5300501,3005,대덕구,대화동,계,6092,2803,977,1370,102,228,2677,126,3289
3000,대전광역시,대덕구제1선거구,5300501,3005,대덕구,대화동,관내사전투표,965,965,342,446,33,95,916,49,0
3000,대전광역시,대덕구제1선거구,5300501,3005,대덕구,대화동,선거일투표,5127,1838,635,924,69,133,1761,77,3289
3000,대전광역시,대덕구제1선거구,5300501,3005,대덕구,법1동,계,10578,5278,2115,2568,226,256,5165,113,5300
3000,대전광역시,대덕구제1선거구,5300501,3005,대덕구,법1동,관내사전투표,1961,1961,795,922,78,113,1908,53,0
3000,대전광역시,대덕구제1선거구,5300501,3005,대덕구,법1동,선거일투표,8617,3317,1320,1646,148,143,3257,60,5300
3000,대전광역시,대덕구제1선거구,5300501,3005,대덕구,법2동,계,13104,7076,2588,3581,315,426,6910,166,6028
3000,대전광역시,대덕구제1선거구,5300501,3005,대덕구,법2동,관내사전투표,2360,2360,927,1174,96,119,2316,44,0
3000,대전광역시,대덕구제1선거구,5300501,3005,대덕구,법2동,선거일투표,10744,4716,1661,2407,219,307,4594,122,6028
3000,대전광역시,대덕구제1선거구,5300501,3005,대덕구,잘못 투입·구분된 투표지,,0,3,2,1,0,0,3,0,-3
3000,대전광역시,대덕구제2선거구,5300502,3005,대덕구,합계,,54327,26506,11981,13962,25943,563,27821
3000,대전광역시,대덕구제2선거구,5300502,3005,대덕구,거소투표,,63,59,27,28,55,4,4
3000,대전광역시,대덕구제2선거구,5300502,3005,대덕구,관외사전투표,,2132,2132,1108,965,2073,59,0
3000,대전광역시,대덕구제2선거구,5300502,3005,대덕구,회덕동,계,10125,5301,2189,2933,5122,179,4824
3000,대전광역시,대덕구제2선거구,5300502,3005,대덕구,회덕동,관내사전투표,1371,1371,620,717,1337,34,0
3000,대전광역시,대덕구제2선거구,5300502,3005,대덕구,회덕동,선거일투표,8754,3930,1569,2216,3785,145,4824
3000,대전광역시,대덕구제2선거구,5300502,3005,대덕구,신탄진동,계,12243,5899,2586,3191,5777,122,6344
3000,대전광역시,대덕구제2선거구,5300502,3005,대덕구,신탄진동,관내사전투표,2066,2066,944,1071,2015,51,0
3000,대전광역시,대덕구제2선거구,5300502,3005,대덕구,신탄진동,선거일투표,10177,3833,1642,2120,3762,71,6344
3000,대전광역시,대덕구제2선거구,5300502,3005,대덕구,석봉동,계,12656,5841,2892,2888,5780,61,6815
3000,대전광역시,대덕구제2선거구,5300502,3005,대덕구,석봉동,관내사전투표,1811,1811,881,905,1786,25,0
3000,대전광역시,대덕구제2선거구,5300502,3005,대덕구,석봉동,선거일투표,10845,4030,2011,1983,3994,36,6815
3000,대전광역시,대덕구제2선거구,5300502,3005,대덕구,덕암동,계,11575,4971,2131,2757,4888,83,6604
3000,대전광역시,대덕구제2선거구,5300502,3005,대덕구,덕암동,관내사전투표,1764,1764,811,924,1735,29,0
3000,대전광역시,대덕구제2선거구,5300502,3005,대덕구,덕암동,선거일투표,9811,3207,1320,1833,3153,54,6604
3000,대전광역시,대덕구제2선거구,5300502,3005,대덕구,목상동,계,5533,2300,1046,1199,2245,55,3233
3000,대전광역시,대덕구제2선거구,5300502,3005,대덕구,목상동,관내사전투표,957,956,474,465,939,17,1
3000,대전광역시,대덕구제2선거구,5300502,3005,대덕구,목상동,선거일투표,4576,1344,572,734,1306,38,3232
3000,대전광역시,대덕구제2선거구,5300502,3005,대덕구,잘못 투입·구분된 투표지,,0,3,2,1,3,0,-3
3000,대전광역시,대덕구제3선거구,5300503,3005,대덕구,합계,,53854,26519,12511,13430,25941,578,27335
3000,대전광역시,대덕구제3선거구,5300503,3005,대덕구,거소투표,,81,77,42,29,71,6,4
3000,대전광역시,대덕구제3선거구,5300503,3005,대덕구,관외사전투표,,2880,2880,1521,1287,2808,72,0
3000,대전광역시,대덕구제3선거구,5300503,3005,대덕구,비래동,계,13617,6473,2821,3490,6311,162,7144
3000,대전광역시,대덕구제3선거구,5300503,3005,대덕구,비래동,관내사전투표,2105,2104,992,1071,2063,41,1
3000,대전광역시,대덕구제3선거구,5300503,3005,대덕구,비래동,선거일투표,11512,4369,1829,2419,4248,121,7143
3000,대전광역시,대덕구제3선거구,5300503,3005,대덕구,송촌동,계,21042,10444,5281,4998,10279,165,10598
3000,대전광역시,대덕구제3선거구,5300503,3005,대덕구,송촌동,관내사전투표,3423,3423,1829,1559,3388,35,0
3000,대전광역시,대덕구제3선거구,5300503,3005,대덕구,송촌동,선거일투표,17619,7021,3452,3439,6891,130,10598
3000,대전광역시,대덕구제3선거구,5300503,3005,대덕구,중리동,계,16234,6641,2843,3626,6469,172,9593
3000,대전광역시,대덕구제3선거구,5300503,3005,대덕구,중리동,관내사전투표,1577,1577,750,771,1521,56,0
3000,대전광역시,대덕구제3선거구,5300503,3005,대덕구,중리동,선거일투표,14657,5064,2093,2855,4948,116,9593
3000,대전광역시,대덕구제3선거구,5300503,3005,대덕구,잘못 투입·구분된 투표지,,0,4,3,0,3,1,-43100,울산광역시,중구제1선거구,5310101,3101,중구,합계,,52109,26667,8715,17493,26208,459,25442
3100,울산광역시,중구제1선거구,5310101,3101,중구,거소투표,,77,72,25,35,60,12,5
3100,울산광역시,중구제1선거구,5310101,3101,중구,관외사전투표,,2221,2218,908,1264,2172,46,3
3100,울산광역시,중구제1선거구,5310101,3101,중구,학성동,계,9983,5071,1382,3600,4982,89,4912
3100,울산광역시,중구제1선거구,5310101,3101,중구,학성동,관내사전투표,1899,1899,525,1340,1865,34,0
3100,울산광역시,중구제1선거구,5310101,3101,중구,학성동,선거일투표,8084,3172,857,2260,3117,55,4912
3100,울산광역시,중구제1선거구,5310101,3101,중구,복산1동,계,3685,1981,582,1363,1945,36,1704
3100,울산광역시,중구제1선거구,5310101,3101,중구,복산1동,관내사전투표,906,906,292,594,886,20,0
3100,울산광역시,중구제1선거구,5310101,3101,중구,복산1동,선거일투표,2779,1075,290,769,1059,16,1704
3100,울산광역시,중구제1선거구,5310101,3101,중구,복산2동,계,8894,4534,1649,2799,4448,86,4360
3100,울산광역시,중구제1선거구,5310101,3101,중구,복산2동,관내사전투표,1612,1612,585,982,1567,45,0
3100,울산광역시,중구제1선거구,5310101,3101,중구,복산2동,선거일투표,7282,2922,1064,1817,2881,41,4360
3100,울산광역시,중구제1선거구,5310101,3101,중구,성안동,계,16294,7517,2926,4482,7408,109,8777
3100,울산광역시,중구제1선거구,5310101,3101,중구,성안동,관내사전투표,2748,2746,1143,1562,2705,41,2
3100,울산광역시,중구제1선거구,5310101,3101,중구,성안동,선거일투표,13546,4771,1783,2920,4703,68,8775
3100,울산광역시,중구제1선거구,5310101,3101,중구,중앙동,계,10955,5264,1239,3945,5184,80,5691
3100,울산광역시,중구제1선거구,5310101,3101,중구,중앙동,관내사전투표,1674,1674,416,1226,1642,32,0
3100,울산광역시,중구제1선거구,5310101,3101,중구,중앙동,선거일투표,9281,3590,823,2719,3542,48,5691
3100,울산광역시,중구제1선거구,5310101,3101,중구,잘못 투입·구분된 투표지,,0,10,4,5,9,1,-10
3100,울산광역시,중구제2선거구,5310102,3101,중구,합계,,35670,19498,7538,11586,19124,374,16172
3100,울산광역시,중구제2선거구,5310102,3101,중구,거소투표,,42,42,16,24,40,2,0
3100,울산광역시,중구제2선거구,5310102,3101,중구,관외사전투표,,1854,1853,814,995,1809,44,1
3100,울산광역시,중구제2선거구,5310102,3101,중구,병영1동,계,18285,9923,3767,5986,9753,170,8362
3100,울산광역시,중구제2선거구,5310102,3101,중구,병영1동,관내사전투표,3476,3475,1309,2105,3414,61,1
3100,울산광역시,중구제2선거구,5310102,3101,중구,병영1동,선거일투표,14809,6448,2458,3881,6339,109,8361
3100,울산광역시,중구제2선거구,5310102,3101,중구,병영2동,계,15489,7677,2939,4580,7519,158,7812
3100,울산광역시,중구제2선거구,5310102,3101,중구,병영2동,관내사전투표,2133,2133,858,1224,2082,51,0
3100,울산광역시,중구제2선거구,5310102,3101,중구,병영2동,선거일투표,13356,5544,2081,3356,5437,107,7812
3100,울산광역시,중구제2선거구,5310102,3101,중구,잘못 투입·구분된 투표지,,0,3,2,1,3,0,-3
3100,울산광역시,중구제3선거구,5310103,3101,중구,합계,,62602,35329,12917,21813,34730,599,27273
3100,울산광역시,중구제3선거구,5310103,3101,중구,거소투표,,90,80,26,49,75,5,10
3100,울산광역시,중구제3선거구,5310103,3101,중구,관외사전투표,,2986,2972,1206,1695,2901,71,14
3100,울산광역시,중구제3선거구,5310103,3101,중구,우정동,계,14768,8209,2874,5201,8075,134,6559
3100,울산광역시,중구제3선거구,5310103,3101,중구,우정동,관내사전투표,2343,2343,851,1450,2301,42,0
3100,울산광역시,중구제3선거구,5310103,3101,중구,우정동,선거일투표,12425,5866,2023,3751,5774,92,6559
3100,울산광역시,중구제3선거구,5310103,3101,중구,태화동,계,25033,13808,5407,8150,13557,251,11225
3100,울산광역시,중구제3선거구,5310103,3101,중구,태화동,관내사전투표,3397,3390,1446,1911,3357,33,7
3100,울산광역시,중구제3선거구,5310103,3101,중구,태화동,선거일투표,21636,10418,3961,6239,10200,218,11218
3100,울산광역시,중구제3선거구,5310103,3101,중구,다운동,계,19725,10230,3391,6702,10093,137,9495
3100,울산광역시,중구제3선거구,5310103,3101,중구,다운동,관내사전투표,2736,2736,967,1733,2700,36,0
3100,울산광역시,중구제3선거구,5310103,3101,중구,다운동,선거일투표,16989,7494,2424,4969,7393,101,9495
3100,울산광역시,중구제3선거구,5310103,3101,중구,잘못 투입·구분된 투표지,,0,30,13,16,29,1,-30
3100,울산광역시,중구제4선거구,5310104,3101,중구,합계,,30674,16891,6629,9818,16447,444,13783
3100,울산광역시,중구제4선거구,5310104,3101,중구,거소투표,,28,28,8,16,24,4,0
3100,울산광역시,중구제4선거구,5310104,3101,중구,관외사전투표,,1335,1333,586,719,1305,28,2
3100,울산광역시,중구제4선거구,5310104,3101,중구,반구1동,계,13876,7033,2656,4108,6764,269,6843
3100,울산광역시,중구제4선거구,5310104,3101,중구,반구1동,관내사전투표,2364,2363,940,1379,2319,44,1
3100,울산광역시,중구제4선거구,5310104,3101,중구,반구1동,선거일투표,11512,4670,1716,2729,4445,225,6842
3100,울산광역시,중구제4선거구,5310104,3101,중구,반구2동,계,7434,3847,1303,2471,3774,73,3587
3100,울산광역시,중구제4선거구,5310104,3101,중구,반구2동,관내사전투표,1361,1361,471,855,1326,35,0
3100,울산광역시,중구제4선거구,5310104,3101,중구,반구2동,선거일투표,6073,2486,832,1616,2448,38,3587
3100,울산광역시,중구제4선거구,5310104,3101,중구,약사동,계,8001,4646,2076,2500,4576,70,3355
3100,울산광역시,중구제4선거구,5310104,3101,중구,약사동,관내사전투표,1995,1995,958,1003,1961,34,0
3100,울산광역시,중구제4선거구,5310104,3101,중구,약사동,선거일투표,6006,2651,1118,1497,2615,36,3355
3100,울산광역시,중구제4선거구,5310104,3101,중구,잘못 투입·구분된 투표지,,0,4,0,4,4,0,-4
3100,울산광역시,남구제1선거구,5310201,3102,남구,검색된 결과가 없습니다.
3100,울산광역시,남구제2선거구,5310202,3102,남구,합계,,38973,21360,8274,12735,21009,351,17613
3100,울산광역시,남구제2선거구,5310202,3102,남구,거소투표,,57,54,15,35,50,4,3
3100,울산광역시,남구제2선거구,5310202,3102,남구,관외사전투표,,2465,2465,1048,1360,2408,57,0
3100,울산광역시,남구제2선거구,5310202,3102,남구,신정4동,계,16126,7624,2915,4588,7503,121,8502
3100,울산광역시,남구제2선거구,5310202,3102,남구,신정4동,관내사전투표,2636,2633,994,1586,2580,53,3
3100,울산광역시,남구제2선거구,5310202,3102,남구,신정4동,선거일투표,13490,4991,1921,3002,4923,68,8499
3100,울산광역시,남구제2선거구,5310202,3102,남구,옥동,계,20325,11211,4294,6749,11043,168,9114
3100,울산광역시,남구제2선거구,5310202,3102,남구,옥동,관내사전투표,2856,2856,1154,1656,2810,46,0
3100,울산광역시,남구제2선거구,5310202,3102,남구,옥동,선거일투표,17469,8355,3140,5093,8233,122,9114
3100,울산광역시,남구제2선거구,5310202,3102,남구,잘못 투입·구분된 투표지,,0,6,2,3,5,1,-6
3100,울산광역시,남구제3선거구,5310203,3102,남구,합계,,45447,23567,8826,14356,23182,385,21880
3100,울산광역시,남구제3선거구,5310203,3102,남구,거소투표,,69,66,27,35,62,4,3
3100,울산광역시,남구제3선거구,5310203,3102,남구,관외사전투표,,2073,2073,829,1192,2021,52,0
3100,울산광역시,남구제3선거구,5310203,3102,남구,삼호동,계,17449,8766,2962,5644,8606,160,8683
3100,울산광역시,남구제3선거구,5310203,3102,남구,삼호동,관내사전투표,3173,3173,1177,1952,3129,44,0
3100,울산광역시,남구제3선거구,5310203,3102,남구,삼호동,선거일투표,14276,5593,1785,3692,5477,116,8683
3100,울산광역시,남구제3선거구,5310203,3102,남구,무거동,계,25856,12657,5005,7483,12488,169,13199
3100,울산광역시,남구제3선거구,5310203,3102,남구,무거동,관내사전투표,2888,2886,1209,1631,2840,46,2
3100,울산광역시,남구제3선거구,5310203,3102,남구,무거동,선거일투표,22968,9771,3796,5852,9648,123,13197
3100,울산광역시,남구제3선거구,5310203,3102,남구,잘못 투입·구분된 투표지,,0,5,3,2,5,0,-5
3100,울산광역시,남구제4선거구,5310204,3102,남구,합계,,50982,23013,7378,13877,1449,22704,309,27969
3100,울산광역시,남구제4선거구,5310204,3102,남구,거소투표,,66,62,13,38,7,58,4,4
3100,울산광역시,남구제4선거구,5310204,3102,남구,관외사전투표,,2498,2495,863,1429,145,2437,58,3
3100,울산광역시,남구제4선거구,5310204,3102,남구,삼산동,계,40343,16731,5640,9877,1045,16562,169,23612
3100,울산광역시,남구제4선거구,5310204,3102,남구,삼산동,관내사전투표,4130,4124,1504,2335,243,4082,42,6
3100,울산광역시,남구제4선거구,5310204,3102,남구,삼산동,선거일투표,36213,12607,4136,7542,802,12480,127,23606
3100,울산광역시,남구제4선거구,5310204,3102,남구,야음장생포동,계,8075,3716,858,2529,251,3638,78,4359
3100,울산광역시,남구제4선거구,5310204,3102,남구,야음장생포동,관내사전투표,1097,1097,253,758,55,1066,31,0
3100,울산광역시,남구제4선거구,5310204,3102,남구,야음장생포동,선거일투표,6978,2619,605,1771,196,2572,47,4359
3100,울산광역시,남구제4선거구,5310204,3102,남구,잘못 투입·구분된 투표지,,0,9,4,4,1,9,0,-9
3100,울산광역시,남구제5선거구,5310205,3102,남구,합계,,37864,19075,6933,11795,18728,347,18789
3100,울산광역시,남구제5선거구,5310205,3102,남구,거소투표,,49,45,18,24,42,3,4
3100,울산광역시,남구제5선거구,5310205,3102,남구,관외사전투표,,2131,2130,880,1199,2079,51,1
3100,울산광역시,남구제5선거구,5310205,3102,남구,달동,계,22657,9765,3276,6322,9598,167,12892
3100,울산광역시,남구제5선거구,5310205,3102,남구,달동,관내사전투표,2888,2886,925,1881,2806,80,2
3100,울산광역시,남구제5선거구,5310205,3102,남구,달동,선거일투표,19769,6879,2351,4441,6792,87,12890
3100,울산광역시,남구제5선거구,5310205,3102,남구,수암동,계,13027,7129,2756,4247,7003,126,5898
3100,울산광역시,남구제5선거구,5310205,3102,남구,수암동,관내사전투표,2393,2392,938,1408,2346,46,1
3100,울산광역시,남구제5선거구,5310205,3102,남구,수암동,선거일투표,10634,4737,1818,2839,4657,80,5897
3100,울산광역시,남구제5선거구,5310205,3102,남구,잘못 투입·구분된 투표지,,0,6,3,3,6,0,-6
3100,울산광역시,남구제6선거구,5310206,3102,남구,합계,,36336,18435,6854,11343,18197,238,17901
3100,울산광역시,남구제6선거구,5310206,3102,남구,거소투표,,43,42,17,22,39,3,1
3100,울산광역시,남구제6선거구,5310206,3102,남구,관외사전투표,,1927,1927,788,1105,1893,34,0
3100,울산광역시,남구제6선거구,5310206,3102,남구,대현동,계,22920,11267,4283,6848,11131,136,11653
3100,울산광역시,남구제6선거구,5310206,3102,남구,대현동,관내사전투표,3427,3425,1401,1975,3376,49,2
3100,울산광역시,남구제6선거구,5310206,3102,남구,대현동,선거일투표,19493,7842,2882,4873,7755,87,11651
3100,울산광역시,남구제6선거구,5310206,3102,남구,선암동,계,11446,5196,1765,3366,5131,65,6250
3100,울산광역시,남구제6선거구,5310206,3102,남구,선암동,관내사전투표,1051,1051,363,667,1030,21,0
3100,울산광역시,남구제6선거구,5310206,3102,남구,선암동,선거일투표,10395,4145,1402,2699,4101,44,6250
3100,울산광역시,남구제6선거구,5310206,3102,남구,잘못 투입·구분된 투표지,,0,3,1,2,3,0,-3
3100,울산광역시,동구제1선거구,5310301,3103,동구,합계,,58996,30044,9464,14893,5042,29399,645,28952
3100,울산광역시,동구제1선거구,5310301,3103,동구,거소투표,,99,92,26,43,11,80,12,7
3100,울산광역시,동구제1선거구,5310301,3103,동구,관외사전투표,,2248,2248,763,1097,318,2178,70,0
3100,울산광역시,동구제1선거구,5310301,3103,동구,방어동,계,31954,14790,4551,7540,2396,14487,303,17164
3100,울산광역시,동구제1선거구,5310301,3103,동구,방어동,관내사전투표,4272,4272,1241,2201,730,4172,100,0
3100,울산광역시,동구제1선거구,5310301,3103,동구,방어동,선거일투표,27682,10518,3310,5339,1666,10315,203,17164
3100,울산광역시,동구제1선거구,5310301,3103,동구,화정동,계,15260,8036,2587,3867,1434,7888,148,7224
3100,울산광역시,동구제1선거구,5310301,3103,동구,화정동,관내사전투표,2735,2734,887,1309,476,2672,62,1
3100,울산광역시,동구제1선거구,5310301,3103,동구,화정동,선거일투표,12525,5302,1700,2558,958,5216,86,7223
3100,울산광역시,동구제1선거구,5310301,3103,동구,대송동,계,9435,4872,1535,2343,882,4760,112,4563
3100,울산광역시,동구제1선거구,5310301,3103,동구,대송동,관내사전투표,1982,1982,630,955,355,1940,42,0
3100,울산광역시,동구제1선거구,5310301,3103,동구,대송동,선거일투표,7453,2890,905,1388,527,2820,70,4563
3100,울산광역시,동구제1선거구,5310301,3103,동구,잘못 투입·구분된 투표지,,0,6,2,3,1,6,0,-6
3100,울산광역시,동구제2선거구,5310302,3103,동구,합계,,34417,20686,6130,10581,3568,20279,407,13731
3100,울산광역시,동구제2선거구,5310302,3103,동구,거소투표,,49,48,19,17,8,44,4,1
3100,울산광역시,동구제2선거구,5310302,3103,동구,관외사전투표,,1275,1274,428,669,148,1245,29,1
3100,울산광역시,동구제2선거구,5310302,3103,동구,일산동,계,5036,2689,716,1588,321,2625,64,2347
3100,울산광역시,동구제2선거구,5310302,3103,동구,일산동,관내사전투표,1194,1193,306,699,152,1157,36,1
3100,울산광역시,동구제2선거구,5310302,3103,동구,일산동,선거일투표,3842,1496,410,889,169,1468,28,2346
3100,울산광역시,동구제2선거구,5310302,3103,동구,전하1동,계,11847,6545,1946,3307,1200,6453,92,5302
3100,울산광역시,동구제2선거구,5310302,3103,동구,전하1동,관내사전투표,2396,2396,708,1188,467,2363,33,0
3100,울산광역시,동구제2선거구,5310302,3103,동구,전하1동,선거일투표,9451,4149,1238,2119,733,4090,59,5302
3100,울산광역시,동구제2선거구,5310302,3103,동구,전하2동,계,16210,10125,3019,4998,1891,9908,217,6085
3100,울산광역시,동구제2선거구,5310302,3103,동구,전하2동,관내사전투표,4018,4017,1169,1952,794,3915,102,1
3100,울산광역시,동구제2선거구,5310302,3103,동구,전하2동,선거일투표,12192,6108,1850,3046,1097,5993,115,6084
3100,울산광역시,동구제2선거구,5310302,3103,동구,잘못 투입·구분된 투표지,,0,5,2,2,0,4,1,-5
3100,울산광역시,동구제3선거구,5310303,3103,동구,합계,,33956,20086,4079,8641,6957,19677,409,13870
3100,울산광역시,동구제3선거구,5310303,3103,동구,거소투표,,50,48,16,17,12,45,3,2
3100,울산광역시,동구제3선거구,5310303,3103,동구,관외사전투표,,1280,1280,337,594,323,1254,26,0
3100,울산광역시,동구제3선거구,5310303,3103,동구,남목1동,계,7240,4324,760,2021,1469,4250,74,2916
3100,울산광역시,동구제3선거구,5310303,3103,동구,남목1동,관내사전투표,1733,1732,322,693,687,1702,30,1
3100,울산광역시,동구제3선거구,5310303,3103,동구,남목1동,선거일투표,5507,2592,438,1328,782,2548,44,2915
3100,울산광역시,동구제3선거구,5310303,3103,동구,남목2동,계,15910,8842,1967,3645,3056,8668,174,7068
3100,울산광역시,동구제3선거구,5310303,3103,동구,남목2동,관내사전투표,3269,3269,711,1362,1141,3214,55,0
3100,울산광역시,동구제3선거구,5310303,3103,동구,남목2동,선거일투표,12641,5573,1256,2283,1915,5454,119,7068
3100,울산광역시,동구제3선거구,5310303,3103,동구,남목3동,계,9476,5587,996,2363,2096,5455,132,3889
3100,울산광역시,동구제3선거구,5310303,3103,동구,남목3동,관내사전투표,2226,2225,393,876,922,2191,34,1
3100,울산광역시,동구제3선거구,5310303,3103,동구,남목3동,선거일투표,7250,3362,603,1487,1174,3264,98,3888
3100,울산광역시,동구제3선거구,5310303,3103,동구,잘못 투입·구분된 투표지,,0,5,3,1,1,5,0,-5
3100,울산광역시,북구제1선거구,5310401,3104,북구,합계,,58476,30281,10801,14731,4061,29593,688,28195
3100,울산광역시,북구제1선거구,5310401,3104,북구,거소투표,,55,54,21,22,6,49,5,1
3100,울산광역시,북구제1선거구,5310401,3104,북구,관외사전투표,,3442,3439,1333,1688,342,3363,76,3
3100,울산광역시,북구제1선거구,5310401,3104,북구,농소1동,계,26928,12489,4281,6573,1351,12205,284,14439
3100,울산광역시,북구제1선거구,5310401,3104,북구,농소1동,관내사전투표,2654,2654,882,1436,291,2609,45,0
3100,울산광역시,북구제1선거구,5310401,3104,북구,농소1동,선거일투표,24274,9835,3399,5137,1060,9596,239,14439
3100,울산광역시,북구제1선거구,5310401,3104,북구,송정동,계,28051,14295,5164,6447,2361,13972,323,13756
3100,울산광역시,북구제1선거구,5310401,3104,북구,송정동,관내사전투표,4677,4675,1790,1964,861,4615,60,2
3100,울산광역시,북구제1선거구,5310401,3104,북구,송정동,선거일투표,23374,9620,3374,4483,1500,9357,263,13754
3100,울산광역시,북구제1선거구,5310401,3104,북구,잘못 투입·구분된 투표지,,0,4,2,1,1,4,0,-4
3100,울산광역시,북구제2선거구,5310402,3104,북구,합계,,62295,30720,14887,15301,30188,532,31575
3100,울산광역시,북구제2선거구,5310402,3104,북구,거소투표,,62,60,26,28,54,6,2
3100,울산광역시,북구제2선거구,5310402,3104,북구,관외사전투표,,2643,2643,1182,1393,2575,68,0
3100,울산광역시,북구제2선거구,5310402,3104,북구,농소2동,계,31355,14345,6919,7184,14103,242,17010
3100,울산광역시,북구제2선거구,5310402,3104,북구,농소2동,관내사전투표,3451,3451,1742,1645,3387,64,0
3100,울산광역시,북구제2선거구,5310402,3104,북구,농소2동,선거일투표,27904,10894,5177,5539,10716,178,17010
3100,울산광역시,북구제2선거구,5310402,3104,북구,농소3동,계,28235,13666,6757,6693,13450,216,14569
3100,울산광역시,북구제2선거구,5310402,3104,북구,농소3동,관내사전투표,4429,4429,2372,1983,4355,74,0
3100,울산광역시,북구제2선거구,5310402,3104,북구,농소3동,선거일투표,23806,9237,4385,4710,9095,142,14569
3100,울산광역시,북구제2선거구,5310402,3104,북구,잘못 투입·구분된 투표지,,0,6,3,3,6,0,-6
3100,울산광역시,북구제3선거구,5310403,3104,북구,합계,,55013,27497,10072,14459,2531,27062,435,27516
3100,울산광역시,북구제3선거구,5310403,3104,북구,거소투표,,40,37,12,19,3,34,3,3
3100,울산광역시,북구제3선거구,5310403,3104,북구,관외사전투표,,2760,2758,1020,1460,212,2692,66,2
3100,울산광역시,북구제3선거구,5310403,3104,북구,강동동,계,12027,5581,2077,3036,388,5501,80,6446
3100,울산광역시,북구제3선거구,5310403,3104,북구,강동동,관내사전투표,1901,1900,754,975,144,1873,27,1
3100,울산광역시,북구제3선거구,5310403,3104,북구,강동동,선거일투표,10126,3681,1323,2061,244,3628,53,6445
3100,울산광역시,북구제3선거구,5310403,3104,북구,효문동,계,23445,10664,3693,5674,1167,10534,130,12781
3100,울산광역시,북구제3선거구,5310403,3104,북구,효문동,관내사전투표,2786,2786,1056,1301,387,2744,42,0
3100,울산광역시,북구제3선거구,5310403,3104,북구,효문동,선거일투표,20659,7878,2637,4373,780,7790,88,12781
3100,울산광역시,북구제3선거구,5310403,3104,북구,양정동,계,8163,4142,1633,2038,402,4073,69,4021
3100,울산광역시,북구제3선거구,5310403,3104,북구,양정동,관내사전투표,1519,1515,659,674,152,1485,30,4
3100,울산광역시,북구제3선거구,5310403,3104,북구,양정동,선거일투표,6644,2627,974,1364,250,2588,39,4017
3100,울산광역시,북구제3선거구,5310403,3104,북구,염포동,계,8578,4301,1631,2225,358,4214,87,4277
3100,울산광역시,북구제3선거구,5310403,3104,북구,염포동,관내사전투표,1861,1855,739,897,191,1827,28,6
3100,울산광역시,북구제3선거구,5310403,3104,북구,염포동,선거일투표,6717,2446,892,1328,167,2387,59,4271
3100,울산광역시,북구제3선거구,5310403,3104,북구,잘못 투입·구분된 투표지,,0,14,6,7,1,14,0,-14
3100,울산광역시,울주군제1선거구,5310501,3105,울주군,합계,,72952,35570,13211,21465,34676,894,37382
3100,울산광역시,울주군제1선거구,5310501,3105,울주군,거소투표,,118,113,41,66,107,6,5
3100,울산광역시,울주군제1선거구,5310501,3105,울주군,관외사전투표,,3095,3093,1279,1739,3018,75,2
3100,울산광역시,울주군제1선거구,5310501,3105,울주군,온산읍,계,17611,7102,2744,4194,6938,164,10509
3100,울산광역시,울주군제1선거구,5310501,3105,울주군,온산읍,관내사전투표,2211,2208,890,1246,2136,72,3
3100,울산광역시,울주군제1선거구,5310501,3105,울주군,온산읍,선거일투표,15400,4894,1854,2948,4802,92,10506
3100,울산광역시,울주군제1선거구,5310501,3105,울주군,온양읍,계,22846,10668,4448,5977,10425,243,12178
3100,울산광역시,울주군제1선거구,5310501,3105,울주군,온양읍,관내사전투표,3153,3149,1337,1723,3060,89,4
3100,울산광역시,울주군제1선거구,5310501,3105,울주군,온양읍,선거일투표,19693,7519,3111,4254,7365,154,12174
3100,울산광역시,울주군제1선거구,5310501,3105,울주군,청량읍,계,15197,7263,2589,4486,7075,188,7934
3100,울산광역시,울주군제1선거구,5310501,3105,울주군,청량읍,관내사전투표,2019,2002,683,1246,1929,73,17
3100,울산광역시,울주군제1선거구,5310501,3105,울주군,청량읍,선거일투표,13178,5261,1906,3240,5146,115,7917
3100,울산광역시,울주군제1선거구,5310501,3105,울주군,서생면,계,7081,3598,1015,2469,3484,114,3483
3100,울산광역시,울주군제1선거구,5310501,3105,울주군,서생면,관내사전투표,1122,1122,330,738,1068,54,0
3100,울산광역시,울주군제1선거구,5310501,3105,울주군,서생면,선거일투표,5959,2476,685,1731,2416,60,3483
3100,울산광역시,울주군제1선거구,5310501,3105,울주군,웅촌면,계,7004,3704,1087,2513,3600,104,3300
3100,울산광역시,울주군제1선거구,5310501,3105,울주군,웅촌면,관내사전투표,1238,1238,436,773,1209,29,0
3100,울산광역시,울주군제1선거구,5310501,3105,울주군,웅촌면,선거일투표,5766,2466,651,1740,2391,75,3300
3100,울산광역시,울주군제1선거구,5310501,3105,울주군,잘못 투입·구분된 투표지,,0,29,8,21,29,0,-29
3100,울산광역시,울주군제2선거구,5310502,3105,울주군,합계,,60122,32561,10567,21243,31810,751,27561
3100,울산광역시,울주군제2선거구,5310502,3105,울주군,거소투표,,155,151,47,95,142,9,4
3100,울산광역시,울주군제2선거구,5310502,3105,울주군,관외사전투표,,2904,2902,1077,1761,2838,64,2
3100,울산광역시,울주군제2선거구,5310502,3105,울주군,언양읍,계,23084,12201,4299,7640,11939,262,10883
3100,울산광역시,울주군제2선거구,5310502,3105,울주군,언양읍,관내사전투표,4686,4677,1643,2894,4537,140,9
3100,울산광역시,울주군제2선거구,5310502,3105,울주군,언양읍,선거일투표,18398,7524,2656,4746,7402,122,10874
3100,울산광역시,울주군제2선거구,5310502,3105,울주군,삼남읍,계,18752,8632,2693,5779,8472,160,10120
3100,울산광역시,울주군제2선거구,5310502,3105,울주군,삼남읍,관내사전투표,2973,2969,960,1942,2902,67,4
3100,울산광역시,울주군제2선거구,5310502,3105,울주군,삼남읍,선거일투표,15779,5663,1733,3837,5570,93,10116
3100,울산광역시,울주군제2선거구,5310502,3105,울주군,두동면,계,3617,1930,513,1369,1882,48,1687
3100,울산광역시,울주군제2선거구,5310502,3105,울주군,두동면,관내사전투표,691,690,216,447,663,27,1
3100,울산광역시,울주군제2선거구,5310502,3105,울주군,두동면,선거일투표,2926,1240,297,922,1219,21,1686
3100,울산광역시,울주군제2선거구,5310502,3105,울주군,두서면,계,2893,1763,500,1168,1668,95,1130
3100,울산광역시,울주군제2선거구,5310502,3105,울주군,두서면,관내사전투표,796,794,255,462,717,77,2
3100,울산광역시,울주군제2선거구,5310502,3105,울주군,두서면,선거일투표,2097,969,245,706,951,18,1128
3100,울산광역시,울주군제2선거구,5310502,3105,울주군,상북면,계,7134,3931,1154,2683,3837,94,3203
3100,울산광역시,울주군제2선거구,5310502,3105,울주군,상북면,관내사전투표,1767,1766,589,1130,1719,47,1
3100,울산광역시,울주군제2선거구,5310502,3105,울주군,상북면,선거일투표,5367,2165,565,1553,2118,47,3202
3100,울산광역시,울주군제2선거구,5310502,3105,울주군,삼동면,계,1583,1030,279,733,1012,18,553
3100,울산광역시,울주군제2선거구,5310502,3105,울주군,삼동면,관내사전투표,381,381,140,236,376,5,0
3100,울산광역시,울주군제2선거구,5310502,3105,울주군,삼동면,선거일투표,1202,649,139,497,636,13,553
3100,울산광역시,울주군제2선거구,5310502,3105,울주군,잘못 투입·구분된 투표지,,0,21,5,15,20,1,-21
3100,울산광역시,울주군제3선거구,5310503,3105,울주군,합계,,55977,31242,14075,16684,30759,483,24735
3100,울산광역시,울주군제3선거구,5310503,3105,울주군,거소투표,,66,61,25,32,57,4,5
3100,울산광역시,울주군제3선거구,5310503,3105,울주군,관외사전투표,,3690,3689,1687,1922,3609,80,1
3100,울산광역시,울주군제3선거구,5310503,3105,울주군,범서읍,계,52221,27486,12361,14726,27087,399,24735
3100,울산광역시,울주군제3선거구,5310503,3105,울주군,범서읍,관내사전투표,7903,7902,3933,3859,7792,110,1
3100,울산광역시,울주군제3선거구,5310503,3105,울주군,범서읍,선거일투표,44318,19584,8428,10867,19295,289,24734
3100,울산광역시,울주군제3선거구,5310503,3105,울주군,잘못 투입·구분된 투표지,,0,6,2,4,6,0,-65100,세종특별자치시,세종특별자치시제1선거구,5510101,5101,세종특별자치시,합계,,20612,9367,3804,5397,9201,166,11245
5100,세종특별자치시,세종특별자치시제1선거구,5510101,5101,세종특별자치시,거소투표,,25,22,12,7,19,3,3
5100,세종특별자치시,세종특별자치시제1선거구,5510101,5101,세종특별자치시,관외사전투표,,1412,1412,694,690,1384,28,0
5100,세종특별자치시,세종특별자치시제1선거구,5510101,5101,세종특별자치시,조치원읍,계,19175,7933,3098,4700,7798,135,11242
5100,세종특별자치시,세종특별자치시제1선거구,5510101,5101,세종특별자치시,조치원읍,관내사전투표,2117,2117,885,1204,2089,28,0
5100,세종특별자치시,세종특별자치시제1선거구,5510101,5101,세종특별자치시,조치원읍,선거일투표,17058,5816,2213,3496,5709,107,11242
5100,세종특별자치시,세종특별자치시제1선거구,5510101,5101,세종특별자치시,잘못 투입·구분된 투표지,,0,0,0,0,0,0,0
5100,세종특별자치시,세종특별자치시제2선거구,5510102,5101,세종특별자치시,합계,,16381,8193,3416,4626,8042,151,8188
5100,세종특별자치시,세종특별자치시제2선거구,5510102,5101,세종특별자치시,거소투표,,30,29,11,17,28,1,1
5100,세종특별자치시,세종특별자치시제2선거구,5510102,5101,세종특별자치시,관외사전투표,,1672,1670,802,841,1643,27,2
5100,세종특별자치시,세종특별자치시제2선거구,5510102,5101,세종특별자치시,조치원읍,계,14679,6491,2603,3765,6368,123,8188
5100,세종특별자치시,세종특별자치시제2선거구,5510102,5101,세종특별자치시,조치원읍,관내사전투표,1240,1238,556,669,1225,13,2
5100,세종특별자치시,세종특별자치시제2선거구,5510102,5101,세종특별자치시,조치원읍,선거일투표,13439,5253,2047,3096,5143,110,8186
5100,세종특별자치시,세종특별자치시제2선거구,5510102,5101,세종특별자치시,잘못 투입·구분된 투표지,,0,3,0,3,3,0,-3
5100,세종특별자치시,세종특별자치시제3선거구,5510103,5101,세종특별자치시,합계,,22530,11653,4513,6915,11428,225,10877
5100,세종특별자치시,세종특별자치시제3선거구,5510103,5101,세종특별자치시,거소투표,,33,32,14,15,29,3,1
5100,세종특별자치시,세종특별자치시제3선거구,5510103,5101,세종특별자치시,관외사전투표,,1540,1540,664,849,1513,27,0
5100,세종특별자치시,세종특별자치시제3선거구,5510103,5101,세종특별자치시,부강면,계,5250,2372,803,1522,2325,47,2878
5100,세종특별자치시,세종특별자치시제3선거구,5510103,5101,세종특별자치시,부강면,관내사전투표,1046,1045,352,677,1029,16,1
5100,세종특별자치시,세종특별자치시제3선거구,5510103,5101,세종특별자치시,부강면,선거일투표,4204,1327,451,845,1296,31,2877
5100,세종특별자치시,세종특별자치시제3선거구,5510103,5101,세종특별자치시,금남면,계,7543,3788,979,2709,3688,100,3755
5100,세종특별자치시,세종특별자치시제3선거구,5510103,5101,세종특별자치시,금남면,관내사전투표,1449,1448,398,1009,1407,41,1
5100,세종특별자치시,세종특별자치시제3선거구,5510103,5101,세종특별자치시,금남면,선거일투표,6094,2340,581,1700,2281,59,3754
5100,세종특별자치시,세종특별자치시제3선거구,5510103,5101,세종특별자치시,대평동,계,8164,3919,2052,1819,3871,48,4245
5100,세종특별자치시,세종특별자치시제3선거구,5510103,5101,세종특별자치시,대평동,관내사전투표,1603,1603,875,713,1588,15,0
5100,세종특별자치시,세종특별자치시제3선거구,5510103,5101,세종특별자치시,대평동,선거일투표,6561,2316,1177,1106,2283,33,4245
5100,세종특별자치시,세종특별자치시제3선거구,5510103,5101,세종특별자치시,잘못 투입·구분된 투표지,,0,2,1,1,2,0,-2
5100,세종특별자치시,세종특별자치시제4선거구,5510104,5101,세종특별자치시,합계,,18217,9614,3823,4370,1229,9422,192,8603
5100,세종특별자치시,세종특별자치시제4선거구,5510104,5101,세종특별자치시,거소투표,,34,31,5,19,5,29,2,3
5100,세종특별자치시,세종특별자치시제4선거구,5510104,5101,세종특별자치시,관외사전투표,,1439,1438,603,738,83,1424,14,1
5100,세종특별자치시,세종특별자치시제4선거구,5510104,5101,세종특별자치시,연기면,계,2621,1240,356,675,179,1210,30,1381
5100,세종특별자치시,세종특별자치시제4선거구,5510104,5101,세종특별자치시,연기면,관내사전투표,622,622,192,317,106,615,7,0
5100,세종특별자치시,세종특별자치시제4선거구,5510104,5101,세종특별자치시,연기면,선거일투표,1999,618,164,358,73,595,23,1381
5100,세종특별자치시,세종특별자치시제4선거구,5510104,5101,세종특별자치시,연동면,계,2642,1342,363,785,164,1312,30,1300
5100,세종특별자치시,세종특별자치시제4선거구,5510104,5101,세종특별자치시,연동면,관내사전투표,428,428,112,248,56,416,12,0
5100,세종특별자치시,세종특별자치시제4선거구,5510104,5101,세종특별자치시,연동면,선거일투표,2214,914,251,537,108,896,18,1300
5100,세종특별자치시,세종특별자치시제4선거구,5510104,5101,세종특별자치시,연서면,계,5935,2690,652,1251,697,2600,90,3245
5100,세종특별자치시,세종특별자치시제4선거구,5510104,5101,세종특별자치시,연서면,관내사전투표,725,724,201,312,188,701,23,1
5100,세종특별자치시,세종특별자치시제4선거구,5510104,5101,세종특별자치시,연서면,선거일투표,5210,1966,451,939,509,1899,67,3244
5100,세종특별자치시,세종특별자치시제4선거구,5510104,5101,세종특별자치시,해밀동,계,5546,2870,1842,902,101,2845,25,2676
5100,세종특별자치시,세종특별자치시제4선거구,5510104,5101,세종특별자치시,해밀동,관내사전투표,1172,1172,767,353,43,1163,9,0
5100,세종특별자치시,세종특별자치시제4선거구,5510104,5101,세종특별자치시,해밀동,선거일투표,4374,1698,1075,549,58,1682,16,2676
5100,세종특별자치시,세종특별자치시제4선거구,5510104,5101,세종특별자치시,잘못 투입·구분된 투표지,,0,3,2,0,0,2,1,-3
5100,세종특별자치시,세종특별자치시제5선거구,5510105,5101,세종특별자치시,합계,,10317,5378,1897,3320,5217,161,4939
5100,세종특별자치시,세종특별자치시제5선거구,5510105,5101,세종특별자치시,거소투표,,70,68,30,17,47,21,2
5100,세종특별자치시,세종특별자치시제5선거구,5510105,5101,세종특별자치시,관외사전투표,,547,545,227,310,537,8,2
5100,세종특별자치시,세종특별자치시제5선거구,5510105,5101,세종특별자치시,전의면,계,4873,2403,889,1466,2355,48,2470
5100,세종특별자치시,세종특별자치시제5선거구,5510105,5101,세종특별자치시,전의면,관내사전투표,895,895,363,518,881,14,0
5100,세종특별자치시,세종특별자치시제5선거구,5510105,5101,세종특별자치시,전의면,선거일투표,3978,1508,526,948,1474,34,2470
5100,세종특별자치시,세종특별자치시제5선거구,5510105,5101,세종특별자치시,전동면,계,2887,1369,368,937,1305,64,1518
5100,세종특별자치시,세종특별자치시제5선거구,5510105,5101,세종특별자치시,전동면,관내사전투표,514,514,149,324,473,41,0
5100,세종특별자치시,세종특별자치시제5선거구,5510105,5101,세종특별자치시,전동면,선거일투표,2373,855,219,613,832,23,1518
5100,세종특별자치시,세종특별자치시제5선거구,5510105,5101,세종특별자치시,소정면,계,1940,991,382,589,971,20,949
5100,세종특별자치시,세종특별자치시제5선거구,5510105,5101,세종특별자치시,소정면,관내사전투표,425,424,171,244,415,9,1
5100,세종특별자치시,세종특별자치시제5선거구,5510105,5101,세종특별자치시,소정면,선거일투표,1515,567,211,345,556,11,948
5100,세종특별자치시,세종특별자치시제5선거구,5510105,5101,세종특별자치시,잘못 투입·구분된 투표지,,0,2,1,1,2,0,-2
5100,세종특별자치시,세종특별자치시제6선거구,5510106,5101,세종특별자치시,합계,,20083,10482,5331,5025,10356,126,9601
5100,세종특별자치시,세종특별자치시제6선거구,5510106,5101,세종특별자치시,거소투표,,26,24,10,14,24,0,2
5100,세종특별자치시,세종특별자치시제6선거구,5510106,5101,세종특별자치시,관외사전투표,,1620,1620,841,767,1608,12,0
5100,세종특별자치시,세종특별자치시제6선거구,5510106,5101,세종특별자치시,장군면,계,5878,2200,788,1366,2154,46,3678
5100,세종특별자치시,세종특별자치시제6선거구,5510106,5101,세종특별자치시,장군면,관내사전투표,740,739,310,416,726,13,1
5100,세종특별자치시,세종특별자치시제6선거구,5510106,5101,세종특별자치시,장군면,선거일투표,5138,1461,478,950,1428,33,3677
5100,세종특별자치시,세종특별자치시제6선거구,5510106,5101,세종특별자치시,한솔동,계,12559,6636,3692,2877,6569,67,5923
5100,세종특별자치시,세종특별자치시제6선거구,5510106,5101,세종특별자치시,한솔동,관내사전투표,2046,2045,1183,848,2031,14,1
5100,세종특별자치시,세종특별자치시제6선거구,5510106,5101,세종특별자치시,한솔동,선거일투표,10513,4591,2509,2029,4538,53,5922
5100,세종특별자치시,세종특별자치시제6선거구,5510106,5101,세종특별자치시,잘못 투입·구분된 투표지,,0,2,0,1,1,1,-2
5100,세종특별자치시,세종특별자치시제7선거구,5510107,5101,세종특별자치시,합계,,12509,6376,2543,2674,1068,6285,91,6133
5100,세종특별자치시,세종특별자치시제7선거구,5510107,5101,세종특별자치시,거소투표,,10,10,3,5,2,10,0,0
5100,세종특별자치시,세종특별자치시제7선거구,5510107,5101,세종특별자치시,관외사전투표,,1008,1007,486,403,96,985,22,1
5100,세종특별자치시,세종특별자치시제7선거구,5510107,5101,세종특별자치시,도담동,계,11491,5358,2053,2266,970,5289,69,6133
5100,세종특별자치시,세종특별자치시제7선거구,5510107,5101,세종특별자치시,도담동,관내사전투표,1943,1943,819,746,362,1927,16,0
5100,세종특별자치시,세종특별자치시제7선거구,5510107,5101,세종특별자치시,도담동,선거일투표,9548,3415,1234,1520,608,3362,53,6133
5100,세종특별자치시,세종특별자치시제7선거구,5510107,5101,세종특별자치시,잘못 투입·구분된 투표지,,0,1,1,0,0,1,0,-1
5100,세종특별자치시,세종특별자치시제8선거구,5510108,5101,세종특별자치시,합계,,13466,7138,3908,3171,7079,59,6328
5100,세종특별자치시,세종특별자치시제8선거구,5510108,5101,세종특별자치시,거소투표,,12,11,3,6,9,2,1
5100,세종특별자치시,세종특별자치시제8선거구,5510108,5101,세종특별자치시,관외사전투표,,1378,1376,776,586,1362,14,2
5100,세종특별자치시,세종특별자치시제8선거구,5510108,5101,세종특별자치시,도담동,계,12076,5748,3126,2579,5705,43,6328
5100,세종특별자치시,세종특별자치시제8선거구,5510108,5101,세종특별자치시,도담동,관내사전투표,1547,1545,911,627,1538,7,2
5100,세종특별자치시,세종특별자치시제8선거구,5510108,5101,세종특별자치시,도담동,선거일투표,10529,4203,2215,1952,4167,36,6326
5100,세종특별자치시,세종특별자치시제8선거구,5510108,5101,세종특별자치시,잘못 투입·구분된 투표지,,0,3,3,0,3,0,-3
5100,세종특별자치시,세종특별자치시제9선거구,5510109,5101,세종특별자치시,합계,,16551,9151,5870,3196,9066,85,7400
5100,세종특별자치시,세종특별자치시제9선거구,5510109,5101,세종특별자치시,거소투표,,20,19,11,6,17,2,1
5100,세종특별자치시,세종특별자치시제9선거구,5510109,5101,세종특별자치시,관외사전투표,,1136,1136,667,456,1123,13,0
5100,세종특별자치시,세종특별자치시제9선거구,5510109,5101,세종특별자치시,아름동,계,15395,7994,5190,2734,7924,70,7401
5100,세종특별자치시,세종특별자치시제9선거구,5510109,5101,세종특별자치시,아름동,관내사전투표,2666,2665,1751,893,2644,21,1
5100,세종특별자치시,세종특별자치시제9선거구,5510109,5101,세종특별자치시,아름동,선거일투표,12729,5329,3439,1841,5280,49,7400
5100,세종특별자치시,세종특별자치시제9선거구,5510109,5101,세종특별자치시,잘못 투입·구분된 투표지,,0,2,2,0,2,0,-2
5100,세종특별자치시,세종특별자치시제10선거구,5510110,5101,세종특별자치시,합계,,21172,11055,6293,4652,10945,110,10117
5100,세종특별자치시,세종특별자치시제10선거구,5510110,5101,세종특별자치시,거소투표,,23,20,11,7,18,2,3
5100,세종특별자치시,세종특별자치시제10선거구,5510110,5101,세종특별자치시,관외사전투표,,1450,1450,787,642,1429,21,0
5100,세종특별자치시,세종특별자치시제10선거구,5510110,5101,세종특별자치시,종촌동,계,19699,9583,5495,4001,9496,87,10116
5100,세종특별자치시,세종특별자치시제10선거구,5510110,5101,세종특별자치시,종촌동,관내사전투표,3258,3256,1871,1356,3227,29,2
5100,세종특별자치시,세종특별자치시제10선거구,5510110,5101,세종특별자치시,종촌동,선거일투표,16441,6327,3624,2645,6269,58,10114
5100,세종특별자치시,세종특별자치시제10선거구,5510110,5101,세종특별자치시,잘못 투입·구분된 투표지,,0,2,0,2,2,0,-2
5100,세종특별자치시,세종특별자치시제11선거구,5510111,5101,세종특별자치시,합계,,11480,5570,2932,2584,5516,54,5910
5100,세종특별자치시,세종특별자치시제11선거구,5510111,5101,세종특별자치시,거소투표,,17,17,10,7,17,0,0
5100,세종특별자치시,세종특별자치시제11선거구,5510111,5101,세종특별자치시,관외사전투표,,1227,1227,684,531,1215,12,0
5100,세종특별자치시,세종특별자치시제11선거구,5510111,5101,세종특별자치시,고운동,계,10236,4324,2237,2045,4282,42,5912
5100,세종특별자치시,세종특별자치시제11선거구,5510111,5101,세종특별자치시,고운동,관내사전투표,969,968,536,423,959,9,1
5100,세종특별자치시,세종특별자치시제11선거구,5510111,5101,세종특별자치시,고운동,선거일투표,9267,3356,1701,1622,3323,33,5911
5100,세종특별자치시,세종특별자치시제11선거구,5510111,5101,세종특별자치시,잘못 투입·구분된 투표지,,0,2,1,1,2,0,-2
5100,세종특별자치시,세종특별자치시제12선거구,5510112,5101,세종특별자치시,합계,,12949,6593,3664,2876,6540,53,6356
5100,세종특별자치시,세종특별자치시제12선거구,5510112,5101,세종특별자치시,거소투표,,17,15,8,7,15,0,2
5100,세종특별자치시,세종특별자치시제12선거구,5510112,5101,세종특별자치시,관외사전투표,,830,830,435,380,815,15,0
5100,세종특별자치시,세종특별자치시제12선거구,5510112,5101,세종특별자치시,고운동,계,12102,5748,3221,2489,5710,38,6354
5100,세종특별자치시,세종특별자치시제12선거구,5510112,5101,세종특별자치시,고운동,관내사전투표,2159,2159,1208,936,2144,15,0
5100,세종특별자치시,세종특별자치시제12선거구,5510112,5101,세종특별자치시,고운동,선거일투표,9943,3589,2013,1553,3566,23,6354
5100,세종특별자치시,세종특별자치시제12선거구,5510112,5101,세종특별자치시,잘못 투입·구분된 투표지,,0,0,0,0,0,0,0
5100,세종특별자치시,세종특별자치시제13선거구,5510113,5101,세종특별자치시,합계,,13877,7393,4051,3284,7335,58,6484
5100,세종특별자치시,세종특별자치시제13선거구,5510113,5101,세종특별자치시,거소투표,,11,9,4,5,9,0,2
5100,세종특별자치시,세종특별자치시제13선거구,5510113,5101,세종특별자치시,관외사전투표,,1121,1119,615,491,1106,13,2
5100,세종특별자치시,세종특별자치시제13선거구,5510113,5101,세종특별자치시,보람동,계,12745,6263,3432,2786,6218,45,6482
5100,세종특별자치시,세종특별자치시제13선거구,5510113,5101,세종특별자치시,보람동,관내사전투표,2303,2303,1317,972,2289,14,0
5100,세종특별자치시,세종특별자치시제13선거구,5510113,5101,세종특별자치시,보람동,선거일투표,10442,3960,2115,1814,3929,31,6482
5100,세종특별자치시,세종특별자치시제13선거구,5510113,5101,세종특별자치시,잘못 투입·구분된 투표지,,0,2,0,2,2,0,-2
5100,세종특별자치시,세종특별자치시제14선거구,5510114,5101,세종특별자치시,합계,,15743,8228,4041,3501,606,8148,80,7515
5100,세종특별자치시,세종특별자치시제14선거구,5510114,5101,세종특별자치시,거소투표,,10,10,4,4,2,10,0,0
5100,세종특별자치시,세종특별자치시제14선거구,5510114,5101,세종특별자치시,관외사전투표,,1111,1111,556,485,56,1097,14,0
5100,세종특별자치시,세종특별자치시제14선거구,5510114,5101,세종특별자치시,소담동,계,14622,7107,3481,3012,548,7041,66,7515
5100,세종특별자치시,세종특별자치시제14선거구,5510114,5101,세종특별자치시,소담동,관내사전투표,2701,2701,1393,1081,202,2676,25,0
5100,세종특별자치시,세종특별자치시제14선거구,5510114,5101,세종특별자치시,소담동,선거일투표,11921,4406,2088,1931,346,4365,41,7515
5100,세종특별자치시,세종특별자치시제14선거구,5510114,5101,세종특별자치시,잘못 투입·구분된 투표지,,0,0,0,0,0,0,0,0
5100,세종특별자치시,세종특별자치시제15선거구,5510115,5101,세종특별자치시,합계,,17196,8792,4561,4101,8662,130,8404
5100,세종특별자치시,세종특별자치시제15선거구,5510115,5101,세종특별자치시,거소투표,,13,13,4,9,13,0,0
5100,세종특별자치시,세종특별자치시제15선거구,5510115,5101,세종특별자치시,관외사전투표,,1746,1745,933,777,1710,35,1
5100,세종특별자치시,세종특별자치시제15선거구,5510115,5101,세종특별자치시,반곡동,계,15437,7030,3622,3314,6936,94,8407
5100,세종특별자치시,세종특별자치시제15선거구,5510115,5101,세종특별자치시,반곡동,관내사전투표,2398,2395,1266,1104,2370,25,3
5100,세종특별자치시,세종특별자치시제15선거구,5510115,5101,세종특별자치시,반곡동,선거일투표,13039,4635,2356,2210,4566,69,8404
5100,세종특별자치시,세종특별자치시제15선거구,5510115,5101,세종특별자치시,잘못 투입·구분된 투표지,,0,4,2,1,3,1,-4
5100,세종특별자치시,세종특별자치시제16선거구,5510116,5101,세종특별자치시,합계,,18796,9776,5031,4648,9679,97,9020
5100,세종특별자치시,세종특별자치시제16선거구,5510116,5101,세종특별자치시,거소투표,,18,17,4,11,15,2,1
5100,세종특별자치시,세종특별자치시제16선거구,5510116,5101,세종특별자치시,관외사전투표,,1390,1390,727,649,1376,14,0
5100,세종특별자치시,세종특별자치시제16선거구,5510116,5101,세종특별자치시,새롬동,계,17388,8366,4297,3988,8285,81,9022
5100,세종특별자치시,세종특별자치시제16선거구,5510116,5101,세종특별자치시,새롬동,관내사전투표,3105,3102,1669,1404,3073,29,3
5100,세종특별자치시,세종특별자치시제16선거구,5510116,5101,세종특별자치시,새롬동,선거일투표,14283,5264,2628,2584,5212,52,9019
5100,세종특별자치시,세종특별자치시제16선거구,5510116,5101,세종특별자치시,잘못 투입·구분된 투표지,,0,3,3,0,3,0,-3
5100,세종특별자치시,세종특별자치시제17선거구,5510117,5101,세종특별자치시,합계,,9942,4890,2869,1969,4838,52,5052
5100,세종특별자치시,세종특별자치시제17선거구,5510117,5101,세종특별자치시,거소투표,,10,10,5,5,10,0,0
5100,세종특별자치시,세종특별자치시제17선거구,5510117,5101,세종특별자치시,관외사전투표,,1425,1425,806,599,1405,20,0
5100,세종특별자치시,세종특별자치시제17선거구,5510117,5101,세종특별자치시,새롬동,계,8507,3455,2058,1365,3423,32,5052
5100,세종특별자치시,세종특별자치시제17선거구,5510117,5101,세종특별자치시,새롬동,관내사전투표,606,606,390,210,600,6,0
5100,세종특별자치시,세종특별자치시제17선거구,5510117,5101,세종특별자치시,새롬동,선거일투표,7901,2849,1668,1155,2823,26,5052
5100,세종특별자치시,세종특별자치시제17선거구,5510117,5101,세종특별자치시,잘못 투입·구분된 투표지,,0,0,0,0,0,0,0
5100,세종특별자치시,세종특별자치시제18선거구,5510118,5101,세종특별자치시,합계,,20438,10111,5633,4406,10039,72,10327
5100,세종특별자치시,세종특별자치시제18선거구,5510118,5101,세종특별자치시,거소투표,,16,16,9,6,15,1,0
5100,세종특별자치시,세종특별자치시제18선거구,5510118,5101,세종특별자치시,관외사전투표,,1522,1519,804,696,1500,19,3
5100,세종특별자치시,세종특별자치시제18선거구,5510118,5101,세종특별자치시,다정동,계,18900,8572,4818,3702,8520,52,10328
5100,세종특별자치시,세종특별자치시제18선거구,5510118,5101,세종특별자치시,다정동,관내사전투표,3189,3188,1861,1310,3171,17,1
5100,세종특별자치시,세종특별자치시제18선거구,5510118,5101,세종특별자치시,다정동,선거일투표,15711,5384,2957,2392,5349,35,10327
5100,세종특별자치시,세종특별자치시제18선거구,5510118,5101,세종특별자치시,잘못 투입·구분된 투표지,,0,4,2,2,4,0,-44100,경기도,수원시제1선거구,5410101,4101,수원시장안구,합계,,111478,56994,25794,30063,55857,1137,54484
4100,경기도,수원시제1선거구,5410101,4101,수원시장안구,거소투표,,339,311,95,157,252,59,28
4100,경기도,수원시제1선거구,5410101,4101,수원시장안구,관외사전투표,,5566,5563,2779,2634,5413,150,3
4100,경기도,수원시제1선거구,5410101,4101,수원시장안구,파장동,계,19741,9780,4622,5035,9657,123,9961
4100,경기도,수원시제1선거구,5410101,4101,수원시장안구,파장동,관내사전투표,2803,2800,1379,1397,2776,24,3
4100,경기도,수원시제1선거구,5410101,4101,수원시장안구,파장동,선거일투표,16938,6980,3243,3638,6881,99,9958
4100,경기도,수원시제1선거구,5410101,4101,수원시장안구,영화동,계,17707,7567,3149,4257,7406,161,10140
4100,경기도,수원시제1선거구,5410101,4101,수원시장안구,영화동,관내사전투표,2593,2591,1098,1426,2524,67,2
4100,경기도,수원시제1선거구,5410101,4101,수원시장안구,영화동,선거일투표,15114,4976,2051,2831,4882,94,10138
4100,경기도,수원시제1선거구,5410101,4101,수원시장안구,송죽동,계,15945,7417,3580,3714,7294,123,8528
4100,경기도,수원시제1선거구,5410101,4101,수원시장안구,송죽동,관내사전투표,2463,2461,1200,1194,2394,67,2
4100,경기도,수원시제1선거구,5410101,4101,수원시장안구,송죽동,선거일투표,13482,4956,2380,2520,4900,56,8526
4100,경기도,수원시제1선거구,5410101,4101,수원시장안구,조원1동,계,23273,10920,4927,5779,10706,214,12353
4100,경기도,수원시제1선거구,5410101,4101,수원시장안구,조원1동,관내사전투표,3362,3361,1547,1700,3247,114,1
4100,경기도,수원시제1선거구,5410101,4101,수원시장안구,조원1동,선거일투표,19911,7559,3380,4079,7459,100,12352
4100,경기도,수원시제1선거구,5410101,4101,수원시장안구,조원2동,계,15017,9110,4178,4781,8959,151,5907
4100,경기도,수원시제1선거구,5410101,4101,수원시장안구,조원2동,관내사전투표,3845,3843,1796,1963,3759,84,2
4100,경기도,수원시제1선거구,5410101,4101,수원시장안구,조원2동,선거일투표,11172,5267,2382,2818,5200,67,5905
4100,경기도,수원시제1선거구,5410101,4101,수원시장안구,연무동,계,13890,6302,2448,3700,6148,154,7588
4100,경기도,수원시제1선거구,5410101,4101,수원시장안구,연무동,관내사전투표,1893,1892,798,1037,1835,57,1
4100,경기도,수원시제1선거구,5410101,4101,수원시장안구,연무동,선거일투표,11997,4410,1650,2663,4313,97,7587
4100,경기도,수원시제1선거구,5410101,4101,수원시장안구,잘못 투입·구분된 투표지,,0,24,16,6,22,2,-24
4100,경기도,수원시제2선거구,5410102,4101,수원시장안구,합계,,87726,49073,26024,21896,47920,1153,38653
4100,경기도,수원시제2선거구,5410102,4101,수원시장안구,거소투표,,105,100,40,49,89,11,5
4100,경기도,수원시제2선거구,5410102,4101,수원시장안구,관외사전투표,,5569,5566,3011,2390,5401,165,3
4100,경기도,수원시제2선거구,5410102,4101,수원시장안구,정자1동,계,22734,12054,5968,5794,11762,292,10680
4100,경기도,수원시제2선거구,5410102,4101,수원시장안구,정자1동,관내사전투표,3526,3526,1775,1656,3431,95,0
4100,경기도,수원시제2선거구,5410102,4101,수원시장안구,정자1동,선거일투표,19208,8528,4193,4138,8331,197,10680
4100,경기도,수원시제2선거구,5410102,4101,수원시장안구,정자2동,계,27879,13328,6729,6248,12977,351,14551
4100,경기도,수원시제2선거구,5410102,4101,수원시장안구,정자2동,관내사전투표,3195,3194,1574,1530,3104,90,1
4100,경기도,수원시제2선거구,5410102,4101,수원시장안구,정자2동,선거일투표,24684,10134,5155,4718,9873,261,14550
4100,경기도,수원시제2선거구,5410102,4101,수원시장안구,정자3동,계,31439,18015,10269,7413,17682,333,13424
4100,경기도,수원시제2선거구,5410102,4101,수원시장안구,정자3동,관내사전투표,4899,4897,2882,1901,4783,114,2
4100,경기도,수원시제2선거구,5410102,4101,수원시장안구,정자3동,선거일투표,26540,13118,7387,5512,12899,219,13422
4100,경기도,수원시제2선거구,5410102,4101,수원시장안구,잘못 투입·구분된 투표지,,0,10,7,2,9,1,-10
4100,경기도,수원시제3선거구,5410201,4102,수원시권선구,합계,,105546,52786,27279,24188,51467,1319,52760
4100,경기도,수원시제3선거구,5410201,4102,수원시권선구,거소투표,,110,106,57,35,92,14,4
4100,경기도,수원시제3선거구,5410201,4102,수원시권선구,관외사전투표,,6114,6110,3324,2606,5930,180,4
4100,경기도,수원시제3선거구,5410201,4102,수원시권선구,서둔동,계,31769,12827,6094,6333,12427,400,18942
4100,경기도,수원시제3선거구,5410201,4102,수원시권선구,서둔동,관내사전투표,2833,2823,1342,1380,2722,101,10
4100,경기도,수원시제3선거구,5410201,4102,수원시권선구,서둔동,선거일투표,28936,10004,4752,4953,9705,299,18932
4100,경기도,수원시제3선거구,5410201,4102,수원시권선구,구운동,계,20118,9643,4600,4826,9426,217,10475
4100,경기도,수원시제3선거구,5410201,4102,수원시권선구,구운동,관내사전투표,2735,2735,1333,1366,2699,36,0
4100,경기도,수원시제3선거구,5410201,4102,수원시권선구,구운동,선거일투표,17383,6908,3267,3460,6727,181,10475
4100,경기도,수원시제3선거구,5410201,4102,수원시권선구,입북동,계,12937,6872,3703,3066,6769,103,6065
4100,경기도,수원시제3선거구,5410201,4102,수원시권선구,입북동,관내사전투표,1822,1822,1057,745,1802,20,0
4100,경기도,수원시제3선거구,5410201,4102,수원시권선구,입북동,선거일투표,11115,5050,2646,2321,4967,83,6065
4100,경기도,수원시제3선거구,5410201,4102,수원시권선구,율천동,계,34498,17212,9494,7315,16809,403,17286
4100,경기도,수원시제3선거구,5410201,4102,수원시권선구,율천동,관내사전투표,4344,4343,2388,1821,4209,134,1
4100,경기도,수원시제3선거구,5410201,4102,수원시권선구,율천동,선거일투표,30154,12869,7106,5494,12600,269,17285
4100,경기도,수원시제3선거구,5410201,4102,수원시권선구,잘못 투입·구분된 투표지,,0,16,7,7,14,2,-16
4100,경기도,수원시제4선거구,5410202,4102,수원시권선구,합계,,107195,54616,28615,24615,53230,1386,52579
4100,경기도,수원시제4선거구,5410202,4102,수원시권선구,거소투표,,191,179,68,78,146,33,12
4100,경기도,수원시제4선거구,5410202,4102,수원시권선구,관외사전투표,,5325,5311,2922,2247,5169,142,14
4100,경기도,수원시제4선거구,5410202,4102,수원시권선구,평동,계,32793,14941,6919,7590,14509,432,17852
4100,경기도,수원시제4선거구,5410202,4102,수원시권선구,평동,관내사전투표,3884,3880,1903,1883,3786,94,4
4100,경기도,수원시제4선거구,5410202,4102,수원시권선구,평동,선거일투표,28909,11061,5016,5707,10723,338,17848
4100,경기도,수원시제4선거구,5410202,4102,수원시권선구,금곡동,계,35335,18561,9880,8263,18143,418,16774
4100,경기도,수원시제4선거구,5410202,4102,수원시권선구,금곡동,관내사전투표,5393,5386,2974,2332,5306,80,7
4100,경기도,수원시제4선거구,5410202,4102,수원시권선구,금곡동,선거일투표,29942,13175,6906,5931,12837,338,16767
4100,경기도,수원시제4선거구,5410202,4102,수원시권선구,호매실동,계,33551,15594,8813,6423,15236,358,17957
4100,경기도,수원시제4선거구,5410202,4102,수원시권선구,호매실동,관내사전투표,5326,5325,3057,2108,5165,160,1
4100,경기도,수원시제4선거구,5410202,4102,수원시권선구,호매실동,선거일투표,28225,10269,5756,4315,10071,198,17956
4100,경기도,수원시제4선거구,5410202,4102,수원시권선구,잘못 투입·구분된 투표지,,0,30,13,14,27,3,-30
4100,경기도,수원시제10선거구,5410203,4102,수원시권선구,합계,,70578,30855,14275,15787,30062,793,39723
4100,경기도,수원시제10선거구,5410203,4102,수원시권선구,거소투표,,76,71,25,39,64,7,5
4100,경기도,수원시제10선거구,5410203,4102,수원시권선구,관외사전투표,,3787,3783,2008,1669,3677,106,4
4100,경기도,수원시제10선거구,5410203,4102,수원시권선구,세류1동,계,8800,4525,2110,2217,4327,198,4275
4100,경기도,수원시제10선거구,5410203,4102,수원시권선구,세류1동,관내사전투표,1762,1762,847,876,1723,39,0
4100,경기도,수원시제10선거구,5410203,4102,수원시권선구,세류1동,선거일투표,7038,2763,1263,1341,2604,159,4275
4100,경기도,수원시제10선거구,5410203,4102,수원시권선구,세류2동,계,20875,7693,3471,4055,7526,167,13182
4100,경기도,수원시제10선거구,5410203,4102,수원시권선구,세류2동,관내사전투표,2287,2285,1076,1149,2225,60,2
4100,경기도,수원시제10선거구,5410203,4102,수원시권선구,세류2동,선거일투표,18588,5408,2395,2906,5301,107,13180
4100,경기도,수원시제10선거구,5410203,4102,수원시권선구,세류3동,계,16357,6604,2883,3560,6443,161,9753
4100,경기도,수원시제10선거구,5410203,4102,수원시권선구,세류3동,관내사전투표,2333,2333,1026,1223,2249,84,0
4100,경기도,수원시제10선거구,5410203,4102,수원시권선구,세류3동,선거일투표,14024,4271,1857,2337,4194,77,9753
4100,경기도,수원시제10선거구,5410203,4102,수원시권선구,권선1동,계,20683,8173,3774,4246,8020,153,12510
4100,경기도,수원시제10선거구,5410203,4102,수원시권선구,권선1동,관내사전투표,2060,2059,989,1033,2022,37,1
4100,경기도,수원시제10선거구,5410203,4102,수원시권선구,권선1동,선거일투표,18623,6114,2785,3213,5998,116,12509
4100,경기도,수원시제10선거구,5410203,4102,수원시권선구,잘못 투입·구분된 투표지,,0,6,4,1,5,1,-6
4100,경기도,수원시제11선거구,5410404,4102,수원시권선구,합계,,69088,35522,17245,17516,34761,761,33566
4100,경기도,수원시제11선거구,5410404,4102,수원시권선구,거소투표,,76,73,32,36,68,5,3
4100,경기도,수원시제11선거구,5410404,4102,수원시권선구,관외사전투표,,3672,3670,1791,1766,3557,113,2
4100,경기도,수원시제11선거구,5410404,4102,수원시권선구,권선2동,계,36331,19116,8861,9814,18675,441,17215
4100,경기도,수원시제11선거구,5410404,4102,수원시권선구,권선2동,관내사전투표,5080,5069,2438,2495,4933,136,11
4100,경기도,수원시제11선거구,5410404,4102,수원시권선구,권선2동,선거일투표,31251,14047,6423,7319,13742,305,17204
4100,경기도,수원시제11선거구,5410404,4102,수원시권선구,곡선동,계,29009,12649,6557,5893,12450,199,16360
4100,경기도,수원시제11선거구,5410404,4102,수원시권선구,곡선동,관내사전투표,3436,3435,1837,1554,3391,44,1
4100,경기도,수원시제11선거구,5410404,4102,수원시권선구,곡선동,선거일투표,25573,9214,4720,4339,9059,155,16359
4100,경기도,수원시제11선거구,5410404,4102,수원시권선구,잘못 투입·구분된 투표지,,0,14,4,7,11,3,-14
4100,경기도,수원시제5선거구,5410301,4103,수원시팔달구,합계,,75362,38175,18251,18869,37120,1055,37187
4100,경기도,수원시제5선거구,5410301,4103,수원시팔달구,거소투표,,90,86,34,43,77,9,4
4100,경기도,수원시제5선거구,5410301,4103,수원시팔달구,관외사전투표,,4207,4207,2231,1878,4109,98,0
4100,경기도,수원시제5선거구,5410301,4103,수원시팔달구,매교동,계,5462,2194,908,1249,2157,37,3268
4100,경기도,수원시제5선거구,5410301,4103,수원시팔달구,매교동,관내사전투표,996,996,430,543,973,23,0
4100,경기도,수원시제5선거구,5410301,4103,수원시팔달구,매교동,선거일투표,4466,1198,478,706,1184,14,3268
4100,경기도,수원시제5선거구,5410301,4103,수원시팔달구,매산동,계,9341,3778,1542,2145,3687,91,5563
4100,경기도,수원시제5선거구,5410301,4103,수원시팔달구,매산동,관내사전투표,979,979,444,519,963,16,0
4100,경기도,수원시제5선거구,5410301,4103,수원시팔달구,매산동,선거일투표,8362,2799,1098,1626,2724,75,5563
4100,경기도,수원시제5선거구,5410301,4103,수원시팔달구,고등동,계,17038,7819,3718,3958,7676,143,9219
4100,경기도,수원시제5선거구,5410301,4103,수원시팔달구,고등동,관내사전투표,2995,2994,1440,1475,2915,79,1
4100,경기도,수원시제5선거구,5410301,4103,수원시팔달구,고등동,선거일투표,14043,4825,2278,2483,4761,64,9218
4100,경기도,수원시제5선거구,5410301,4103,수원시팔달구,화서1동,계,18894,8625,3972,4390,8362,263,10269
4100,경기도,수원시제5선거구,5410301,4103,수원시팔달구,화서1동,관내사전투표,2625,2625,1247,1294,2541,84,0
4100,경기도,수원시제5선거구,5410301,4103,수원시팔달구,화서1동,선거일투표,16269,6000,2725,3096,5821,179,10269
4100,경기도,수원시제5선거구,5410301,4103,수원시팔달구,화서2동,계,20330,11459,5844,5203,11047,412,8871
4100,경기도,수원시제5선거구,5410301,4103,수원시팔달구,화서2동,관내사전투표,3557,3557,1992,1508,3500,57,0
4100,경기도,수원시제5선거구,5410301,4103,수원시팔달구,화서2동,선거일투표,16773,7902,3852,3695,7547,355,8871
4100,경기도,수원시제5선거구,5410301,4103,수원시팔달구,잘못 투입·구분된 투표지,,0,7,2,3,5,2,-7
4100,경기도,수원시제6선거구,5410302,4103,수원시팔달구,합계,,88724,41063,17988,21769,39757,1306,47661
4100,경기도,수원시제6선거구,5410302,4103,수원시팔달구,거소투표,,110,104,37,53,90,14,6
4100,경기도,수원시제6선거구,5410302,4103,수원시팔달구,관외사전투표,,4971,4968,2551,2258,4809,159,3
4100,경기도,수원시제6선거구,5410302,4103,수원시팔달구,행궁동,계,9424,4082,1642,2348,3990,92,5342
4100,경기도,수원시제6선거구,5410302,4103,수원시팔달구,행궁동,관내사전투표,1365,1364,547,780,1327,37,1
4100,경기도,수원시제6선거구,5410302,4103,수원시팔달구,행궁동,선거일투표,8059,2718,1095,1568,2663,55,5341
4100,경기도,수원시제6선거구,5410302,4103,수원시팔달구,지동,계,9575,4358,1597,2560,4157,201,5217
4100,경기도,수원시제6선거구,5410302,4103,수원시팔달구,지동,관내사전투표,1897,1895,734,1085,1819,76,2
4100,경기도,수원시제6선거구,5410302,4103,수원시팔달구,지동,선거일투표,7678,2463,863,1475,2338,125,5215
4100,경기도,수원시제6선거구,5410302,4103,수원시팔달구,우만1동,계,17434,7661,3391,4065,7456,205,9773
4100,경기도,수원시제6선거구,5410302,4103,수원시팔달구,우만1동,관내사전투표,2117,2117,972,1071,2043,74,0
4100,경기도,수원시제6선거구,5410302,4103,수원시팔달구,우만1동,선거일투표,15317,5544,2419,2994,5413,131,9773
4100,경기도,수원시제6선거구,5410302,4103,수원시팔달구,우만2동,계,14074,7474,3247,3965,7212,262,6600
4100,경기도,수원시제6선거구,5410302,4103,수원시팔달구,우만2동,관내사전투표,2634,2633,1196,1338,2534,99,1
4100,경기도,수원시제6선거구,5410302,4103,수원시팔달구,우만2동,선거일투표,11440,4841,2051,2627,4678,163,6599
4100,경기도,수원시제6선거구,5410302,4103,수원시팔달구,인계동,계,33136,12401,5513,6515,12028,373,20735
4100,경기도,수원시제6선거구,5410302,4103,수원시팔달구,인계동,관내사전투표,2497,2496,1215,1211,2426,70,1
4100,경기도,수원시제6선거구,5410302,4103,수원시팔달구,인계동,선거일투표,30639,9905,4298,5304,9602,303,20734
4100,경기도,수원시제6선거구,5410302,4103,수원시팔달구,잘못 투입·구분된 투표지,,0,15,10,5,15,0,-15
4100,경기도,수원시제7선거구,5410401,4104,수원시영통구,합계,,76503,39309,19295,19230,38525,784,37194
4100,경기도,수원시제7선거구,5410401,4104,수원시영통구,거소투표,,86,80,36,35,71,9,6
4100,경기도,수원시제7선거구,5410401,4104,수원시영통구,관외사전투표,,4656,4647,2408,2124,4532,115,9
4100,경기도,수원시제7선거구,5410401,4104,수원시영통구,매탄1동,계,14309,7166,3293,3742,7035,131,7143
4100,경기도,수원시제7선거구,5410401,4104,수원시영통구,매탄1동,관내사전투표,2238,2233,1033,1132,2165,68,5
4100,경기도,수원시제7선거구,5410401,4104,수원시영통구,매탄1동,선거일투표,12071,4933,2260,2610,4870,63,7138
4100,경기도,수원시제7선거구,5410401,4104,수원시영통구,매탄2동,계,12177,5783,2718,2948,5666,117,6394
4100,경기도,수원시제7선거구,5410401,4104,수원시영통구,매탄2동,관내사전투표,1954,1952,940,965,1905,47,2
4100,경기도,수원시제7선거구,5410401,4104,수원시영통구,매탄2동,선거일투표,10223,3831,1778,1983,3761,70,6392
4100,경기도,수원시제7선거구,5410401,4104,수원시영통구,매탄3동,계,27893,13733,6974,6515,13489,244,14160
4100,경기도,수원시제7선거구,5410401,4104,수원시영통구,매탄3동,관내사전투표,4169,4168,2161,1903,4064,104,1
4100,경기도,수원시제7선거구,5410401,4104,수원시영통구,매탄3동,선거일투표,23724,9565,4813,4612,9425,140,14159
4100,경기도,수원시제7선거구,5410401,4104,수원시영통구,매탄4동,계,17382,7881,3857,3860,7717,164,9501
4100,경기도,수원시제7선거구,5410401,4104,수원시영통구,매탄4동,관내사전투표,2415,2415,1251,1121,2372,43,0
4100,경기도,수원시제7선거구,5410401,4104,수원시영통구,매탄4동,선거일투표,14967,5466,2606,2739,5345,121,9501
4100,경기도,수원시제7선거구,5410401,4104,수원시영통구,잘못 투입·구분된 투표지,,0,19,9,6,15,4,-19
4100,경기도,수원시제8선거구,5410402,4104,수원시영통구,합계,,60194,32269,15573,16237,31810,459,27925
4100,경기도,수원시제8선거구,5410402,4104,수원시영통구,거소투표,,55,53,23,24,47,6,2
4100,경기도,수원시제8선거구,5410402,4104,수원시영통구,관외사전투표,,4860,4854,2387,2372,4759,95,6
4100,경기도,수원시제8선거구,5410402,4104,수원시영통구,원천동,계,29700,13654,6065,7391,13456,198,16046
4100,경기도,수원시제8선거구,5410402,4104,수원시영통구,원천동,관내사전투표,3359,3358,1577,1703,3280,78,1
4100,경기도,수원시제8선거구,5410402,4104,수원시영통구,원천동,선거일투표,26341,10296,4488,5688,10176,120,16045
4100,경기도,수원시제8선거구,5410402,4104,수원시영통구,영통1동,계,25579,13700,7094,6447,13541,159,11879
4100,경기도,수원시제8선거구,5410402,4104,수원시영통구,영통1동,관내사전투표,3914,3913,2150,1705,3855,58,1
4100,경기도,수원시제8선거구,5410402,4104,수원시영통구,영통1동,선거일투표,21665,9787,4944,4742,9686,101,11878
4100,경기도,수원시제8선거구,5410402,4104,수원시영통구,잘못 투입·구분된 투표지,,0,8,4,3,7,1,-8
4100,경기도,수원시제9선거구,5410403,4104,수원시영통구,합계,,65716,38130,17920,19712,37632,498,27586
4100,경기도,수원시제9선거구,5410403,4104,수원시영통구,거소투표,,68,63,18,37,55,8,5
4100,경기도,수원시제9선거구,5410403,4104,수원시영통구,관외사전투표,,4505,4492,2181,2220,4401,91,13
4100,경기도,수원시제9선거구,5410403,4104,수원시영통구,광교1동,계,39605,21875,10173,11467,21640,235,17730
4100,경기도,수원시제9선거구,5410403,4104,수원시영통구,광교1동,관내사전투표,5087,5078,2442,2583,5025,53,9
4100,경기도,수원시제9선거구,5410403,4104,수원시영통구,광교1동,선거일투표,34518,16797,7731,8884,16615,182,17721
4100,경기도,수원시제9선거구,5410403,4104,수원시영통구,광교2동,계,21538,11664,5529,5971,11500,164,9874
4100,경기도,수원시제9선거구,5410403,4104,수원시영통구,광교2동,관내사전투표,2657,2653,1284,1327,2611,42,4
4100,경기도,수원시제9선거구,5410403,4104,수원시영통구,광교2동,선거일투표,18881,9011,4245,4644,8889,122,9870
4100,경기도,수원시제9선거구,5410403,4104,수원시영통구,잘못 투입·구분된 투표지,,0,36,19,17,36,0,-36
4100,경기도,수원시제12선거구,5410405,4104,수원시영통구,합계,,94443,50772,27337,22447,49784,988,43671
4100,경기도,수원시제12선거구,5410405,4104,수원시영통구,거소투표,,79,73,41,27,68,5,6
4100,경기도,수원시제12선거구,5410405,4104,수원시영통구,관외사전투표,,5150,5139,2574,2429,5003,136,11
4100,경기도,수원시제12선거구,5410405,4104,수원시영통구,영통2동,계,21995,10850,5910,4696,10606,244,11145
4100,경기도,수원시제12선거구,5410405,4104,수원시영통구,영통2동,관내사전투표,3621,3615,2076,1443,3519,96,6
4100,경기도,수원시제12선거구,5410405,4104,수원시영통구,영통2동,선거일투표,18374,7235,3834,3253,7087,148,11139
4100,경기도,수원시제12선거구,5410405,4104,수원시영통구,영통3동,계,24882,12572,6577,5758,12335,237,12310
4100,경기도,수원시제12선거구,5410405,4104,수원시영통구,영통3동,관내사전투표,2497,2496,1316,1138,2454,42,1
4100,경기도,수원시제12선거구,5410405,4104,수원시영통구,영통3동,선거일투표,22385,10076,5261,4620,9881,195,12309
4100,경기도,수원시제12선거구,5410405,4104,수원시영통구,망포1동,계,21590,10667,5718,4758,10476,191,10923
4100,경기도,수원시제12선거구,5410405,4104,수원시영통구,망포1동,관내사전투표,2752,2751,1544,1168,2712,39,1
4100,경기도,수원시제12선거구,5410405,4104,수원시영통구,망포1동,선거일투표,18838,7916,4174,3590,7764,152,10922
4100,경기도,수원시제12선거구,5410405,4104,수원시영통구,망포2동,계,20747,11451,6500,4777,11277,174,9296
4100,경기도,수원시제12선거구,5410405,4104,수원시영통구,망포2동,관내사전투표,4187,4185,2375,1723,4098,87,2
4100,경기도,수원시제12선거구,5410405,4104,수원시영통구,망포2동,선거일투표,16560,7266,4125,3054,7179,87,9294
4100,경기도,수원시제12선거구,5410405,4104,수원시영통구,잘못 투입·구분된 투표지,,0,20,17,2,19,1,-20
4100,경기도,성남시제1선거구,5410501,4105,성남시수정구,합계,,96155,49070,24721,23307,48028,1042,47085
4100,경기도,성남시제1선거구,5410501,4105,성남시수정구,거소투표,,93,89,42,39,81,8,4
4100,경기도,성남시제1선거구,5410501,4105,성남시수정구,관외사전투표,,7643,7640,4092,3388,7480,160,3
4100,경기도,성남시제1선거구,5410501,4105,성남시수정구,신흥1동,계,11584,4365,2374,1893,4267,98,7219
4100,경기도,성남시제1선거구,5410501,4105,성남시수정구,신흥1동,관내사전투표,1468,1468,800,636,1436,32,0
4100,경기도,성남시제1선거구,5410501,4105,성남시수정구,신흥1동,선거일투표,10116,2897,1574,1257,2831,66,7219
4100,경기도,성남시제1선거구,5410501,4105,성남시수정구,신흥2동,계,14835,7812,3620,4044,7664,148,7023
4100,경기도,성남시제1선거구,5410501,4105,성남시수정구,신흥2동,관내사전투표,1913,1913,914,960,1874,39,0
4100,경기도,성남시제1선거구,5410501,4105,성남시수정구,신흥2동,선거일투표,12922,5899,2706,3084,5790,109,7023
4100,경기도,성남시제1선거구,5410501,4105,성남시수정구,신흥3동,계,10553,4699,2380,2192,4572,127,5854
4100,경기도,성남시제1선거구,5410501,4105,성남시수정구,신흥3동,관내사전투표,2401,2400,1184,1144,2328,72,1
4100,경기도,성남시제1선거구,5410501,4105,성남시수정구,신흥3동,선거일투표,8152,2299,1196,1048,2244,55,5853
4100,경기도,성남시제1선거구,5410501,4105,성남시수정구,수진1동,계,11250,4520,2397,2003,4400,120,6730
4100,경기도,성남시제1선거구,5410501,4105,성남시수정구,수진1동,관내사전투표,1670,1670,956,691,1647,23,0
4100,경기도,성남시제1선거구,5410501,4105,성남시수정구,수진1동,선거일투표,9580,2850,1441,1312,2753,97,6730
4100,경기도,성남시제1선거구,5410501,4105,성남시수정구,수진2동,계,13527,6315,3315,2884,6199,116,7212
4100,경기도,성남시제1선거구,5410501,4105,성남시수정구,수진2동,관내사전투표,2296,2295,1271,965,2236,59,1
4100,경기도,성남시제1선거구,5410501,4105,성남시수정구,수진2동,선거일투표,11231,4020,2044,1919,3963,57,7211
4100,경기도,성남시제1선거구,5410501,4105,성남시수정구,단대동,계,12249,6164,3197,2821,6018,146,6085
4100,경기도,성남시제1선거구,5410501,4105,성남시수정구,단대동,관내사전투표,2009,2008,1081,883,1964,44,1
4100,경기도,성남시제1선거구,5410501,4105,성남시수정구,단대동,선거일투표,10240,4156,2116,1938,4054,102,6084
4100,경기도,성남시제1선거구,5410501,4105,성남시수정구,신촌동,계,3511,1516,635,861,1496,20,1995
4100,경기도,성남시제1선거구,5410501,4105,성남시수정구,신촌동,관내사전투표,556,556,218,326,544,12,0
4100,경기도,성남시제1선거구,5410501,4105,성남시수정구,신촌동,선거일투표,2955,960,417,535,952,8,1995
4100,경기도,성남시제1선거구,5410501,4105,성남시수정구,고등동,계,8251,4633,2209,2355,4564,69,3618
4100,경기도,성남시제1선거구,5410501,4105,성남시수정구,고등동,관내사전투표,1460,1460,678,756,1434,26,0
4100,경기도,성남시제1선거구,5410501,4105,성남시수정구,고등동,선거일투표,6791,3173,1531,1599,3130,43,3618
4100,경기도,성남시제1선거구,5410501,4105,성남시수정구,시흥동,계,2659,1311,456,825,1281,30,1348
4100,경기도,성남시제1선거구,5410501,4105,성남시수정구,시흥동,관내사전투표,493,493,163,309,472,21,0
4100,경기도,성남시제1선거구,5410501,4105,성남시수정구,시흥동,선거일투표,2166,818,293,516,809,9,1348
4100,경기도,성남시제1선거구,5410501,4105,성남시수정구,잘못 투입·구분된 투표지,,0,6,4,2,6,0,-6
4100,경기도,성남시제2선거구,5410502,4105,성남시수정구,합계,,112752,57826,29586,26819,56405,1421,54926
4100,경기도,성남시제2선거구,5410502,4105,성남시수정구,거소투표,,99,92,42,41,83,9,7
4100,경기도,성남시제2선거구,5410502,4105,성남시수정구,관외사전투표,,7235,7234,3860,3183,7043,191,1
4100,경기도,성남시제2선거구,5410502,4105,성남시수정구,태평1동,계,13607,6116,3338,2601,5939,177,7491
4100,경기도,성남시제2선거구,5410502,4105,성남시수정구,태평1동,관내사전투표,2366,2360,1312,985,2297,63,6
4100,경기도,성남시제2선거구,5410502,4105,성남시수정구,태평1동,선거일투표,11241,3756,2026,1616,3642,114,7485
4100,경기도,성남시제2선거구,5410502,4105,성남시수정구,태평2동,계,12696,5484,2945,2333,5278,206,7212
4100,경기도,성남시제2선거구,5410502,4105,성남시수정구,태평2동,관내사전투표,1672,1672,900,699,1599,73,0
4100,경기도,성남시제2선거구,5410502,4105,성남시수정구,태평2동,선거일투표,11024,3812,2045,1634,3679,133,7212
4100,경기도,성남시제2선거구,5410502,4105,성남시수정구,태평3동,계,11922,5660,3062,2461,5523,137,6262
4100,경기도,성남시제2선거구,5410502,4105,성남시수정구,태평3동,관내사전투표,2427,2426,1403,955,2358,68,1
4100,경기도,성남시제2선거구,5410502,4105,성남시수정구,태평3동,선거일투표,9495,3234,1659,1506,3165,69,6261
4100,경기도,성남시제2선거구,5410502,4105,성남시수정구,태평4동,계,10742,4549,2439,1978,4417,132,6193
4100,경기도,성남시제2선거구,5410502,4105,성남시수정구,태평4동,관내사전투표,1927,1925,1012,844,1856,69,2
4100,경기도,성남시제2선거구,5410502,4105,성남시수정구,태평4동,선거일투표,8815,2624,1427,1134,2561,63,6191
4100,경기도,성남시제2선거구,5410502,4105,성남시수정구,산성동,계,4294,2091,1123,848,1971,120,2203
4100,경기도,성남시제2선거구,5410502,4105,성남시수정구,산성동,관내사전투표,730,729,406,304,710,19,1
4100,경기도,성남시제2선거구,5410502,4105,성남시수정구,산성동,선거일투표,3564,1362,717,544,1261,101,2202
4100,경기도,성남시제2선거구,5410502,4105,성남시수정구,양지동,계,8173,3847,2044,1690,3734,113,4326
4100,경기도,성남시제2선거구,5410502,4105,성남시수정구,양지동,관내사전투표,1501,1501,805,648,1453,48,0
4100,경기도,성남시제2선거구,5410502,4105,성남시수정구,양지동,선거일투표,6672,2346,1239,1042,2281,65,4326
4100,경기도,성남시제2선거구,5410502,4105,성남시수정구,복정동,계,9520,4125,2277,1775,4052,73,5395
4100,경기도,성남시제2선거구,5410502,4105,성남시수정구,복정동,관내사전투표,1568,1568,864,667,1531,37,0
4100,경기도,성남시제2선거구,5410502,4105,성남시수정구,복정동,선거일투표,7952,2557,1413,1108,2521,36,5395
4100,경기도,성남시제2선거구,5410502,4105,성남시수정구,위례동,계,34464,18612,8450,9901,18351,261,15852
4100,경기도,성남시제2선거구,5410502,4105,성남시수정구,위례동,관내사전투표,5655,5653,2661,2871,5532,121,2
4100,경기도,성남시제2선거구,5410502,4105,성남시수정구,위례동,선거일투표,28809,12959,5789,7030,12819,140,15850
4100,경기도,성남시제2선거구,5410502,4105,성남시수정구,잘못 투입·구분된 투표지,,0,16,6,8,14,2,-16
4100,경기도,성남시제3선거구,5410601,4106,성남시중원구,합계,,116039,59000,30514,27111,57625,1375,57039
4100,경기도,성남시제3선거구,5410601,4106,성남시중원구,거소투표,,142,133,65,56,121,12,9
4100,경기도,성남시제3선거구,5410601,4106,성남시중원구,관외사전투표,,7650,7620,4149,3302,7451,169,30
4100,경기도,성남시제3선거구,5410601,4106,성남시중원구,성남동,계,28932,12575,6433,5865,12298,277,16357
4100,경기도,성남시제3선거구,5410601,4106,성남시중원구,성남동,관내사전투표,3624,3620,1884,1626,3510,110,4
4100,경기도,성남시제3선거구,5410601,4106,성남시중원구,성남동,선거일투표,25308,8955,4549,4239,8788,167,16353
4100,경기도,성남시제3선거구,5410601,4106,성남시중원구,상대원1동,계,20470,9099,4804,4072,8876,223,11371
4100,경기도,성남시제3선거구,5410601,4106,성남시중원구,상대원1동,관내사전투표,2375,2375,1299,1023,2322,53,0
4100,경기도,성남시제3선거구,5410601,4106,성남시중원구,상대원1동,선거일투표,18095,6724,3505,3049,6554,170,11371
4100,경기도,성남시제3선거구,5410601,4106,성남시중원구,상대원2동,계,10979,4826,2484,2178,4662,164,6153
4100,경기도,성남시제3선거구,5410601,4106,성남시중원구,상대원2동,관내사전투표,2146,2145,1120,955,2075,70,1
4100,경기도,성남시제3선거구,5410601,4106,성남시중원구,상대원2동,선거일투표,8833,2681,1364,1223,2587,94,6152
4100,경기도,성남시제3선거구,5410601,4106,성남시중원구,상대원3동,계,10732,4658,2380,2099,4479,179,6074
4100,경기도,성남시제3선거구,5410601,4106,성남시중원구,상대원3동,관내사전투표,2071,2070,1079,920,1999,71,1
4100,경기도,성남시제3선거구,5410601,4106,성남시중원구,상대원3동,선거일투표,8661,2588,1301,1179,2480,108,6073
4100,경기도,성남시제3선거구,5410601,4106,성남시중원구,하대원동,계,16692,8907,4424,4324,8748,159,7785
4100,경기도,성남시제3선거구,5410601,4106,성남시중원구,하대원동,관내사전투표,3164,3160,1595,1508,3103,57,4
4100,경기도,성남시제3선거구,5410601,4106,성남시중원구,하대원동,선거일투표,13528,5747,2829,2816,5645,102,7781
4100,경기도,성남시제3선거구,5410601,4106,성남시중원구,도촌동,계,20442,11138,5747,5201,10948,190,9304
4100,경기도,성남시제3선거구,5410601,4106,성남시중원구,도촌동,관내사전투표,3010,3009,1568,1361,2929,80,1
4100,경기도,성남시제3선거구,5410601,4106,성남시중원구,도촌동,선거일투표,17432,8129,4179,3840,8019,110,9303
4100,경기도,성남시제3선거구,5410601,4106,성남시중원구,잘못 투입·구분된 투표지,,0,44,28,14,42,2,-44
4100,경기도,성남시제4선거구,5410602,4106,성남시중원구,합계,,69429,35457,18139,16267,34406,1051,33972
4100,경기도,성남시제4선거구,5410602,4106,성남시중원구,거소투표,,106,100,30,41,71,29,6
4100,경기도,성남시제4선거구,5410602,4106,성남시중원구,관외사전투표,,5038,5034,2770,2118,4888,146,4
4100,경기도,성남시제4선거구,5410602,4106,성남시중원구,중앙동,계,9774,4797,2384,2244,4628,169,4977
4100,경기도,성남시제4선거구,5410602,4106,성남시중원구,중앙동,관내사전투표,1810,1809,894,825,1719,90,1
4100,경기도,성남시제4선거구,5410602,4106,성남시중원구,중앙동,선거일투표,7964,2988,1490,1419,2909,79,4976
4100,경기도,성남시제4선거구,5410602,4106,성남시중원구,금광1동,계,5837,2823,1497,1263,2760,63,3014
4100,경기도,성남시제4선거구,5410602,4106,성남시중원구,금광1동,관내사전투표,1077,1077,577,460,1037,40,0
4100,경기도,성남시제4선거구,5410602,4106,성남시중원구,금광1동,선거일투표,4760,1746,920,803,1723,23,3014
4100,경기도,성남시제4선거구,5410602,4106,성남시중원구,금광2동,계,20538,9324,4550,4532,9082,242,11214
4100,경기도,성남시제4선거구,5410602,4106,성남시중원구,금광2동,관내사전투표,3402,3402,1693,1606,3299,103,0
4100,경기도,성남시제4선거구,5410602,4106,성남시중원구,금광2동,선거일투표,17136,5922,2857,2926,5783,139,11214
4100,경기도,성남시제4선거구,5410602,4106,성남시중원구,은행1동,계,8475,4095,2138,1805,3943,152,4380
4100,경기도,성남시제4선거구,5410602,4106,성남시중원구,은행1동,관내사전투표,1854,1854,976,792,1768,86,0
4100,경기도,성남시제4선거구,5410602,4106,성남시중원구,은행1동,선거일투표,6621,2241,1162,1013,2175,66,4380
4100,경기도,성남시제4선거구,5410602,4106,성남시중원구,은행2동,계,19661,9277,4766,4261,9027,250,10384
4100,경기도,성남시제4선거구,5410602,4106,성남시중원구,은행2동,관내사전투표,3234,3232,1683,1453,3136,96,2
4100,경기도,성남시제4선거구,5410602,4106,성남시중원구,은행2동,선거일투표,16427,6045,3083,2808,5891,154,10382
4100,경기도,성남시제4선거구,5410602,4106,성남시중원구,잘못 투입·구분된 투표지,,0,7,4,3,7,0,-7
4100,경기도,성남시제5선거구,5410701,4107,성남시분당구,합계,,104619,66839,27019,38592,65611,1228,37780
4100,경기도,성남시제5선거구,5410701,4107,성남시분당구,거소투표,,174,164,56,68,124,40,10
4100,경기도,성남시제5선거구,5410701,4107,성남시분당구,관외사전투표,,6363,6356,2921,3285,6206,150,7
4100,경기도,성남시제5선거구,5410701,4107,성남시분당구,이매1동,계,19350,12342,4588,7574,12162,180,7008
4100,경기도,성남시제5선거구,5410701,4107,성남시분당구,이매1동,관내사전투표,3127,3127,1228,1843,3071,56,0
4100,경기도,성남시제5선거구,5410701,4107,성남시분당구,이매1동,선거일투표,16223,9215,3360,5731,9091,124,7008
4100,경기도,성남시제5선거구,5410701,4107,성남시분당구,이매2동,계,10486,6897,2331,4466,6797,100,3589
4100,경기도,성남시제5선거구,5410701,4107,성남시분당구,이매2동,관내사전투표,2182,2180,814,1319,2133,47,2
4100,경기도,성남시제5선거구,5410701,4107,성남시분당구,이매2동,선거일투표,8304,4717,1517,3147,4664,53,3587
4100,경기도,성남시제5선거구,5410701,4107,성남시분당구,야탑1동,계,15195,9611,3911,5538,9449,162,5584
4100,경기도,성남시제5선거구,5410701,4107,성남시분당구,야탑1동,관내사전투표,3623,3621,1593,1955,3548,73,2
4100,경기도,성남시제5선거구,5410701,4107,성남시분당구,야탑1동,선거일투표,11572,5990,2318,3583,5901,89,5582
4100,경기도,성남시제5선거구,5410701,4107,성남시분당구,야탑2동,계,12782,8349,2945,5298,8243,106,4433
4100,경기도,성남시제5선거구,5410701,4107,성남시분당구,야탑2동,관내사전투표,2352,2350,939,1380,2319,31,2
4100,경기도,성남시제5선거구,5410701,4107,성남시분당구,야탑2동,선거일투표,10430,5999,2006,3918,5924,75,4431
4100,경기도,성남시제5선거구,5410701,4107,성남시분당구,야탑3동,계,21933,12187,5524,6366,11890,297,9746
4100,경기도,성남시제5선거구,5410701,4107,성남시분당구,야탑3동,관내사전투표,3145,3139,1511,1550,3061,78,6
4100,경기도,성남시제5선거구,5410701,4107,성남시분당구,야탑3동,선거일투표,18788,9048,4013,4816,8829,219,9740
4100,경기도,성남시제5선거구,5410701,4107,성남시분당구,삼평동,계,18336,10864,4721,5954,10675,189,7472
4100,경기도,성남시제5선거구,5410701,4107,성남시분당구,삼평동,관내사전투표,3197,3190,1558,1566,3124,66,7
4100,경기도,성남시제5선거구,5410701,4107,성남시분당구,삼평동,선거일투표,15139,7674,3163,4388,7551,123,7465
4100,경기도,성남시제5선거구,5410701,4107,성남시분당구,잘못 투입·구분된 투표지,,0,69,22,43,65,4,-69
4100,경기도,성남시제6선거구,5410702,4107,성남시분당구,합계,,109507,69719,26464,42144,68608,1111,39788
4100,경기도,성남시제6선거구,5410702,4107,성남시분당구,거소투표,,117,111,34,72,106,5,6
4100,경기도,성남시제6선거구,5410702,4107,성남시분당구,관외사전투표,,6689,6680,2777,3779,6556,124,9
4100,경기도,성남시제6선거구,5410702,4107,성남시분당구,서현1동,계,24517,14659,4527,9978,14505,154,9858
4100,경기도,성남시제6선거구,5410702,4107,성남시분당구,서현1동,관내사전투표,4916,4906,1707,3140,4847,59,10
4100,경기도,성남시제6선거구,5410702,4107,성남시분당구,서현1동,선거일투표,19601,9753,2820,6838,9658,95,9848
4100,경기도,성남시제6선거구,5410702,4107,성남시분당구,서현2동,계,14072,8651,3006,5565,8571,80,5421
4100,경기도,성남시제6선거구,5410702,4107,성남시분당구,서현2동,관내사전투표,2233,2229,883,1313,2196,33,4
4100,경기도,성남시제6선거구,5410702,4107,성남시분당구,서현2동,선거일투표,11839,6422,2123,4252,6375,47,5417
4100,경기도,성남시제6선거구,5410702,4107,성남시분당구,판교동,계,19110,12112,4886,6923,11809,303,6998
4100,경기도,성남시제6선거구,5410702,4107,성남시분당구,판교동,관내사전투표,3503,3490,1477,1966,3443,47,13
4100,경기도,성남시제6선거구,5410702,4107,성남시분당구,판교동,선거일투표,15607,8622,3409,4957,8366,256,6985
4100,경기도,성남시제6선거구,5410702,4107,성남시분당구,백현동,계,20607,12311,5264,6851,12115,196,8296
4100,경기도,성남시제6선거구,5410702,4107,성남시분당구,백현동,관내사전투표,3438,3434,1549,1806,3355,79,4
4100,경기도,성남시제6선거구,5410702,4107,성남시분당구,백현동,선거일투표,17169,8877,3715,5045,8760,117,8292
4100,경기도,성남시제6선거구,5410702,4107,성남시분당구,운중동,계,24395,15126,5948,8933,14881,245,9269
4100,경기도,성남시제6선거구,5410702,4107,성남시분당구,운중동,관내사전투표,3510,3502,1521,1937,3458,44,8
4100,경기도,성남시제6선거구,5410702,4107,성남시분당구,운중동,선거일투표,20885,11624,4427,6996,11423,201,9261
4100,경기도,성남시제6선거구,5410702,4107,성남시분당구,잘못 투입·구분된 투표지,,0,69,22,43,65,4,-69
4100,경기도,성남시제7선거구,5410703,4107,성남시분당구,합계,,86151,51782,23544,27273,50817,965,34369
4100,경기도,성남시제7선거구,5410703,4107,성남시분당구,거소투표,,81,78,39,31,70,8,3
4100,경기도,성남시제7선거구,5410703,4107,성남시분당구,관외사전투표,,6629,6610,3364,3101,6465,145,19
4100,경기도,성남시제7선거구,5410703,4107,성남시분당구,분당동,계,19349,10581,4565,5802,10367,214,8768
4100,경기도,성남시제7선거구,5410703,4107,성남시분당구,분당동,관내사전투표,2201,2195,984,1183,2167,28,6
4100,경기도,성남시제7선거구,5410703,4107,성남시분당구,분당동,선거일투표,17148,8386,3581,4619,8200,186,8762
4100,경기도,성남시제7선거구,5410703,4107,성남시분당구,수내3동,계,10386,5839,2699,3061,5760,79,4547
4100,경기도,성남시제7선거구,5410703,4107,성남시분당구,수내3동,관내사전투표,1983,1982,1032,911,1943,39,1
4100,경기도,성남시제7선거구,5410703,4107,성남시분당구,수내3동,선거일투표,8403,3857,1667,2150,3817,40,4546
4100,경기도,성남시제7선거구,5410703,4107,성남시분당구,정자2동,계,12448,7044,3241,3695,6936,108,5404
4100,경기도,성남시제7선거구,5410703,4107,성남시분당구,정자2동,관내사전투표,1910,1902,911,955,1866,36,8
4100,경기도,성남시제7선거구,5410703,4107,성남시분당구,정자2동,선거일투표,10538,5142,2330,2740,5070,72,5396
4100,경기도,성남시제7선거구,5410703,4107,성남시분당구,정자3동,계,13089,7695,3510,4054,7564,131,5394
4100,경기도,성남시제7선거구,5410703,4107,성남시분당구,정자3동,관내사전투표,2441,2438,1175,1230,2405,33,3
4100,경기도,성남시제7선거구,5410703,4107,성남시분당구,정자3동,선거일투표,10648,5257,2335,2824,5159,98,5391
4100,경기도,성남시제7선거구,5410703,4107,성남시분당구,구미동,계,24169,13887,6107,7507,13614,273,10282
4100,경기도,성남시제7선거구,5410703,4107,성남시분당구,구미동,관내사전투표,3318,3312,1496,1699,3195,117,6
4100,경기도,성남시제7선거구,5410703,4107,성남시분당구,구미동,선거일투표,20851,10575,4611,5808,10419,156,10276
4100,경기도,성남시제7선거구,5410703,4107,성남시분당구,잘못 투입·구분된 투표지,,0,48,19,22,41,7,-48
4100,경기도,성남시제8선거구,5410704,4107,성남시분당구,합계,,103856,62265,23074,38344,61418,847,41591
4100,경기도,성남시제8선거구,5410704,4107,성남시분당구,거소투표,,109,105,35,61,96,9,4
4100,경기도,성남시제8선거구,5410704,4107,성남시분당구,관외사전투표,,7363,7351,3168,4039,7207,144,12
4100,경기도,성남시제8선거구,5410704,4107,성남시분당구,수내1동,계,14283,8361,3057,5188,8245,116,5922
4100,경기도,성남시제8선거구,5410704,4107,성남시분당구,수내1동,관내사전투표,2651,2647,1132,1478,2610,37,4
4100,경기도,성남시제8선거구,5410704,4107,성남시분당구,수내1동,선거일투표,11632,5714,1925,3710,5635,79,5918
4100,경기도,성남시제8선거구,5410704,4107,성남시분당구,수내2동,계,7251,4637,1585,2985,4570,67,2614
4100,경기도,성남시제8선거구,5410704,4107,성남시분당구,수내2동,관내사전투표,1316,1315,507,785,1292,23,1
4100,경기도,성남시제8선거구,5410704,4107,성남시분당구,수내2동,선거일투표,5935,3322,1078,2200,3278,44,2613
4100,경기도,성남시제8선거구,5410704,4107,성남시분당구,정자동,계,14204,7582,2943,4563,7506,76,6622
4100,경기도,성남시제8선거구,5410704,4107,성남시분당구,정자동,관내사전투표,1425,1423,583,826,1409,14,2
4100,경기도,성남시제8선거구,5410704,4107,성남시분당구,정자동,선거일투표,12779,6159,2360,3737,6097,62,6620
4100,경기도,성남시제8선거구,5410704,4107,성남시분당구,정자1동,계,24088,12936,3768,9003,12771,165,11152
4100,경기도,성남시제8선거구,5410704,4107,성남시분당구,정자1동,관내사전투표,3095,3087,1045,2001,3046,41,8
4100,경기도,성남시제8선거구,5410704,4107,성남시분당구,정자1동,선거일투표,20993,9849,2723,7002,9725,124,11144
4100,경기도,성남시제8선거구,5410704,4107,성남시분당구,금곡동,계,22349,12826,5000,7657,12657,169,9523
4100,경기도,성남시제8선거구,5410704,4107,성남시분당구,금곡동,관내사전투표,3049,3046,1304,1662,2966,80,3
4100,경기도,성남시제8선거구,5410704,4107,성남시분당구,금곡동,선거일투표,19300,9780,3696,5995,9691,89,9520
4100,경기도,성남시제8선거구,5410704,4107,성남시분당구,구미1동,계,14209,8422,3501,4823,8324,98,5787
4100,경기도,성남시제8선거구,5410704,4107,성남시분당구,구미1동,관내사전투표,3194,3184,1436,1715,3151,33,10
4100,경기도,성남시제8선거구,5410704,4107,성남시분당구,구미1동,선거일투표,11015,5238,2065,3108,5173,65,5777
4100,경기도,성남시제8선거구,5410704,4107,성남시분당구,잘못 투입·구분된 투표지,,0,45,17,25,42,3,-45
4100,경기도,의정부시제1선거구,5410801,4108,의정부시,합계,,89180,37047,17285,18919,36204,843,52133
4100,경기도,의정부시제1선거구,5410801,4108,의정부시,거소투표,,162,149,63,68,131,18,13
4100,경기도,의정부시제1선거구,5410801,4108,의정부시,관외사전투표,,4556,4556,2373,2065,4438,118,0
4100,경기도,의정부시제1선거구,5410801,4108,의정부시,의정부1동,계,28647,9095,4074,4836,8910,185,19552
4100,경기도,의정부시제1선거구,5410801,4108,의정부시,의정부1동,관내사전투표,2452,2449,1083,1282,2365,84,3
4100,경기도,의정부시제1선거구,5410801,4108,의정부시,의정부1동,선거일투표,26195,6646,2991,3554,6545,101,19549
4100,경기도,의정부시제1선거구,5410801,4108,의정부시,가능동,계,21733,8562,3917,4513,8430,132,13171
4100,경기도,의정부시제1선거구,5410801,4108,의정부시,가능동,관내사전투표,3295,3289,1491,1726,3217,72,6
4100,경기도,의정부시제1선거구,5410801,4108,의정부시,가능동,선거일투표,18438,5273,2426,2787,5213,60,13165
4100,경기도,의정부시제1선거구,5410801,4108,의정부시,흥선동,계,16413,6601,3035,3298,6333,268,9812
4100,경기도,의정부시제1선거구,5410801,4108,의정부시,흥선동,관내사전투표,2357,2354,1098,1201,2299,55,3
4100,경기도,의정부시제1선거구,5410801,4108,의정부시,흥선동,선거일투표,14056,4247,1937,2097,4034,213,9809
4100,경기도,의정부시제1선거구,5410801,4108,의정부시,녹양동,계,17669,8070,3818,4132,7950,120,9599
4100,경기도,의정부시제1선거구,5410801,4108,의정부시,녹양동,관내사전투표,3132,3130,1493,1563,3056,74,2
4100,경기도,의정부시제1선거구,5410801,4108,의정부시,녹양동,선거일투표,14537,4940,2325,2569,4894,46,9597
4100,경기도,의정부시제1선거구,5410801,4108,의정부시,잘못 투입·구분된 투표지,,0,14,5,7,12,2,-14
4100,경기도,의정부시제2선거구,5410802,4108,의정부시,합계,,89471,43963,22007,20934,42941,1022,45508
4100,경기도,의정부시제2선거구,5410802,4108,의정부시,거소투표,,124,119,54,53,107,12,5
4100,경기도,의정부시제2선거구,5410802,4108,의정부시,관외사전투표,,4065,4065,2235,1726,3961,104,0
4100,경기도,의정부시제2선거구,5410802,4108,의정부시,의정부2동,계,26263,9881,4944,4776,9720,161,16382
4100,경기도,의정부시제2선거구,5410802,4108,의정부시,의정부2동,관내사전투표,2383,2383,1260,1081,2341,42,0
4100,경기도,의정부시제2선거구,5410802,4108,의정부시,의정부2동,선거일투표,23880,7498,3684,3695,7379,119,16382
4100,경기도,의정부시제2선거구,5410802,4108,의정부시,호원1동,계,30175,14752,7205,7173,14378,374,15423
4100,경기도,의정부시제2선거구,5410802,4108,의정부시,호원1동,관내사전투표,4888,4871,2417,2337,4754,117,17
4100,경기도,의정부시제2선거구,5410802,4108,의정부시,호원1동,선거일투표,25287,9881,4788,4836,9624,257,15406
4100,경기도,의정부시제2선거구,5410802,4108,의정부시,호원2동,계,28844,15123,7561,7195,14756,367,13721
4100,경기도,의정부시제2선거구,5410802,4108,의정부시,호원2동,관내사전투표,5773,5769,2997,2633,5630,139,4
4100,경기도,의정부시제2선거구,5410802,4108,의정부시,호원2동,선거일투표,23071,9354,4564,4562,9126,228,13717
4100,경기도,의정부시제2선거구,5410802,4108,의정부시,잘못 투입·구분된 투표지,,0,23,8,11,19,4,-23
4100,경기도,의정부시제3선거구,5410803,4108,의정부시,합계,,117623,58780,28375,29268,57643,1137,58843
4100,경기도,의정부시제3선거구,5410803,4108,의정부시,거소투표,,181,162,66,60,126,36,19
4100,경기도,의정부시제3선거구,5410803,4108,의정부시,관외사전투표,,5760,5758,2961,2658,5619,139,2
4100,경기도,의정부시제3선거구,5410803,4108,의정부시,장암동,계,16293,8407,4051,4200,8251,156,7886
4100,경기도,의정부시제3선거구,5410803,4108,의정부시,장암동,관내사전투표,2745,2743,1317,1359,2676,67,2
4100,경기도,의정부시제3선거구,5410803,4108,의정부시,장암동,선거일투표,13548,5664,2734,2841,5575,89,7884
4100,경기도,의정부시제3선거구,5410803,4108,의정부시,신곡1동,계,34451,16063,7923,7815,15738,325,18388
4100,경기도,의정부시제3선거구,5410803,4108,의정부시,신곡1동,관내사전투표,4545,4543,2324,2145,4469,74,2
4100,경기도,의정부시제3선거구,5410803,4108,의정부시,신곡1동,선거일투표,29906,11520,5599,5670,11269,251,18386
4100,경기도,의정부시제3선거구,5410803,4108,의정부시,신곡2동,계,38551,18747,8887,9556,18443,304,19804
4100,경기도,의정부시제3선거구,5410803,4108,의정부시,신곡2동,관내사전투표,5303,5297,2500,2712,5212,85,6
4100,경기도,의정부시제3선거구,5410803,4108,의정부시,신곡2동,선거일투표,33248,13450,6387,6844,13231,219,19798
4100,경기도,의정부시제3선거구,5410803,4108,의정부시,자금동,계,22387,9618,4481,4961,9442,176,12769
4100,경기도,의정부시제3선거구,5410803,4108,의정부시,자금동,관내사전투표,2511,2506,1203,1244,2447,59,5
4100,경기도,의정부시제3선거구,5410803,4108,의정부시,자금동,선거일투표,19876,7112,3278,3717,6995,117,12764
4100,경기도,의정부시제3선거구,5410803,4108,의정부시,잘못 투입·구분된 투표지,,0,25,6,18,24,1,-25
4100,경기도,의정부시제4선거구,5410804,4108,의정부시,합계,,103903,48050,23957,23173,47130,920,55853
4100,경기도,의정부시제4선거구,5410804,4108,의정부시,거소투표,,150,142,69,55,124,18,8
4100,경기도,의정부시제4선거구,5410804,4108,의정부시,관외사전투표,,4967,4959,2557,2274,4831,128,8
4100,경기도,의정부시제4선거구,5410804,4108,의정부시,송산1동,계,37448,15545,7458,7825,15283,262,21903
4100,경기도,의정부시제4선거구,5410804,4108,의정부시,송산1동,관내사전투표,3967,3963,1940,1938,3878,85,4
4100,경기도,의정부시제4선거구,5410804,4108,의정부시,송산1동,선거일투표,33481,11582,5518,5887,11405,177,21899
4100,경기도,의정부시제4선거구,5410804,4108,의정부시,송산2동,계,26770,12280,6256,5836,12092,188,14490
4100,경기도,의정부시제4선거구,5410804,4108,의정부시,송산2동,관내사전투표,4188,4184,2180,1909,4089,95,4
4100,경기도,의정부시제4선거구,5410804,4108,의정부시,송산2동,선거일투표,22582,8096,4076,3927,8003,93,14486
4100,경기도,의정부시제4선거구,5410804,4108,의정부시,송산3동,계,34568,15096,7603,7171,14774,322,19472
4100,경기도,의정부시제4선거구,5410804,4108,의정부시,송산3동,관내사전투표,4867,4864,2443,2290,4733,131,3
4100,경기도,의정부시제4선거구,5410804,4108,의정부시,송산3동,선거일투표,29701,10232,5160,4881,10041,191,19469
4100,경기도,의정부시제4선거구,5410804,4108,의정부시,잘못 투입·구분된 투표지,,0,28,14,12,26,2,-28
4100,경기도,안양시제1선거구,5410901,4109,안양시만안구,합계,,102507,53287,26224,25881,52105,1182,49220
4100,경기도,안양시제1선거구,5410901,4109,안양시만안구,거소투표,,127,121,54,56,110,11,6
4100,경기도,안양시제1선거구,5410901,4109,안양시만안구,관외사전투표,,5355,5350,2814,2399,5213,137,5
4100,경기도,안양시제1선거구,5410901,4109,안양시만안구,안양1동,계,10151,5367,2663,2633,5296,71,4784
4100,경기도,안양시제1선거구,5410901,4109,안양시만안구,안양1동,관내사전투표,1820,1819,962,814,1776,43,1
4100,경기도,안양시제1선거구,5410901,4109,안양시만안구,안양1동,선거일투표,8331,3548,1701,1819,3520,28,4783
4100,경기도,안양시제1선거구,5410901,4109,안양시만안구,안양3동,계,14256,6850,3395,3316,6711,139,7406
4100,경기도,안양시제1선거구,5410901,4109,안양시만안구,안양3동,관내사전투표,2689,2688,1378,1233,2611,77,1
4100,경기도,안양시제1선거구,5410901,4109,안양시만안구,안양3동,선거일투표,11567,4162,2017,2083,4100,62,7405
4100,경기도,안양시제1선거구,5410901,4109,안양시만안구,안양4동,계,6412,3378,1606,1698,3304,74,3034
4100,경기도,안양시제1선거구,5410901,4109,안양시만안구,안양4동,관내사전투표,1531,1530,754,720,1474,56,1
4100,경기도,안양시제1선거구,5410901,4109,안양시만안구,안양4동,선거일투표,4881,1848,852,978,1830,18,3033
4100,경기도,안양시제1선거구,5410901,4109,안양시만안구,안양5동,계,8912,4137,1822,2183,4005,132,4775
4100,경기도,안양시제1선거구,5410901,4109,안양시만안구,안양5동,관내사전투표,1558,1557,675,781,1456,101,1
4100,경기도,안양시제1선거구,5410901,4109,안양시만안구,안양5동,선거일투표,7354,2580,1147,1402,2549,31,4774
4100,경기도,안양시제1선거구,5410901,4109,안양시만안구,안양6동,계,21753,9831,5027,4602,9629,202,11922
4100,경기도,안양시제1선거구,5410901,4109,안양시만안구,안양6동,관내사전투표,2824,2821,1442,1295,2737,84,3
4100,경기도,안양시제1선거구,5410901,4109,안양시만안구,안양6동,선거일투표,18929,7010,3585,3307,6892,118,11919
4100,경기도,안양시제1선거구,5410901,4109,안양시만안구,안양7동,계,12171,6751,3344,3294,6638,113,5420
4100,경기도,안양시제1선거구,5410901,4109,안양시만안구,안양7동,관내사전투표,2564,2564,1288,1211,2499,65,0
4100,경기도,안양시제1선거구,5410901,4109,안양시만안구,안양7동,선거일투표,9607,4187,2056,2083,4139,48,5420
4100,경기도,안양시제1선거구,5410901,4109,안양시만안구,안양8동,계,9171,4322,2139,2051,4190,132,4849
4100,경기도,안양시제1선거구,5410901,4109,안양시만안구,안양8동,관내사전투표,1867,1866,929,882,1811,55,1
4100,경기도,안양시제1선거구,5410901,4109,안양시만안구,안양8동,선거일투표,7304,2456,1210,1169,2379,77,4848
4100,경기도,안양시제1선거구,5410901,4109,안양시만안구,안양9동,계,14199,7162,3357,3638,6995,167,7037
4100,경기도,안양시제1선거구,5410901,4109,안양시만안구,안양9동,관내사전투표,2633,2629,1254,1285,2539,90,4
4100,경기도,안양시제1선거구,5410901,4109,안양시만안구,안양9동,선거일투표,11566,4533,2103,2353,4456,77,7033
4100,경기도,안양시제1선거구,5410901,4109,안양시만안구,잘못 투입·구분된 투표지,,0,18,3,11,14,4,-18
4100,경기도,안양시제2선거구,5410902,4109,안양시만안구,합계,,106429,57732,27916,28366,56282,1450,48697
4100,경기도,안양시제2선거구,5410902,4109,안양시만안구,거소투표,,162,154,55,70,125,29,8
4100,경기도,안양시제2선거구,5410902,4109,안양시만안구,관외사전투표,,5626,5626,2911,2581,5492,134,0
4100,경기도,안양시제2선거구,5410902,4109,안양시만안구,안양2동,계,17835,8182,3747,4180,7927,255,9653
4100,경기도,안양시제2선거구,5410902,4109,안양시만안구,안양2동,관내사전투표,2767,2761,1299,1306,2605,156,6
4100,경기도,안양시제2선거구,5410902,4109,안양시만안구,안양2동,선거일투표,15068,5421,2448,2874,5322,99,9647
4100,경기도,안양시제2선거구,5410902,4109,안양시만안구,석수1동,계,15931,9111,4308,4590,8898,213,6820
4100,경기도,안양시제2선거구,5410902,4109,안양시만안구,석수1동,관내사전투표,2832,2831,1345,1362,2707,124,1
4100,경기도,안양시제2선거구,5410902,4109,안양시만안구,석수1동,선거일투표,13099,6280,2963,3228,6191,89,6819
4100,경기도,안양시제2선거구,5410902,4109,안양시만안구,석수2동,계,25808,13742,6790,6620,13410,332,12066
4100,경기도,안양시제2선거구,5410902,4109,안양시만안구,석수2동,관내사전투표,3840,3837,1909,1775,3684,153,3
4100,경기도,안양시제2선거구,5410902,4109,안양시만안구,석수2동,선거일투표,21968,9905,4881,4845,9726,179,12063
4100,경기도,안양시제2선거구,5410902,4109,안양시만안구,석수3동,계,10780,5405,2733,2531,5264,141,5375
4100,경기도,안양시제2선거구,5410902,4109,안양시만안구,석수3동,관내사전투표,2231,2231,1127,1011,2138,93,0
4100,경기도,안양시제2선거구,5410902,4109,안양시만안구,석수3동,선거일투표,8549,3174,1606,1520,3126,48,5375
4100,경기도,안양시제2선거구,5410902,4109,안양시만안구,박달1동,계,12972,6236,2942,3162,6104,132,6736
4100,경기도,안양시제2선거구,5410902,4109,안양시만안구,박달1동,관내사전투표,2634,2632,1230,1327,2557,75,2
4100,경기도,안양시제2선거구,5410902,4109,안양시만안구,박달1동,선거일투표,10338,3604,1712,1835,3547,57,6734
4100,경기도,안양시제2선거구,5410902,4109,안양시만안구,박달2동,계,17315,9258,4421,4626,9047,211,8057
4100,경기도,안양시제2선거구,5410902,4109,안양시만안구,박달2동,관내사전투표,2956,2955,1393,1444,2837,118,1
4100,경기도,안양시제2선거구,5410902,4109,안양시만안구,박달2동,선거일투표,14359,6303,3028,3182,6210,93,8056
4100,경기도,안양시제2선거구,5410902,4109,안양시만안구,잘못 투입·구분된 투표지,,0,18,9,6,15,3,-18
4100,경기도,안양시제3선거구,5411001,4110,안양시동안구,합계,,59262,35737,17696,17425,35121,616,23525
4100,경기도,안양시제3선거구,5411001,4110,안양시동안구,거소투표,,73,70,33,33,66,4,3
4100,경기도,안양시제3선거구,5411001,4110,안양시동안구,관외사전투표,,3369,3369,1729,1577,3306,63,0
4100,경기도,안양시제3선거구,5411001,4110,안양시동안구,비산1동,계,20492,11977,5822,5975,11797,180,8515
4100,경기도,안양시제3선거구,5411001,4110,안양시동안구,비산1동,관내사전투표,3306,3306,1660,1597,3257,49,0
4100,경기도,안양시제3선거구,5411001,4110,안양시동안구,비산1동,선거일투표,17186,8671,4162,4378,8540,131,8515
4100,경기도,안양시제3선거구,5411001,4110,안양시동안구,비산2동,계,12019,7355,3672,3583,7255,100,4664
4100,경기도,안양시제3선거구,5411001,4110,안양시동안구,비산2동,관내사전투표,3046,3045,1550,1432,2982,63,1
4100,경기도,안양시제3선거구,5411001,4110,안양시동안구,비산2동,선거일투표,8973,4310,2122,2151,4273,37,4663
4100,경기도,안양시제3선거구,5411001,4110,안양시동안구,비산3동,계,10262,5245,2516,2622,5138,107,5017
4100,경기도,안양시제3선거구,5411001,4110,안양시동안구,비산3동,관내사전투표,1830,1830,900,893,1793,37,0
4100,경기도,안양시제3선거구,5411001,4110,안양시동안구,비산3동,선거일투표,8432,3415,1616,1729,3345,70,5017
4100,경기도,안양시제3선거구,5411001,4110,안양시동안구,부흥동,계,13047,7714,3923,3631,7554,160,5333
4100,경기도,안양시제3선거구,5411001,4110,안양시동안구,부흥동,관내사전투표,2788,2787,1491,1254,2745,42,1
4100,경기도,안양시제3선거구,5411001,4110,안양시동안구,부흥동,선거일투표,10259,4927,2432,2377,4809,118,5332
4100,경기도,안양시제3선거구,5411001,4110,안양시동안구,잘못 투입·구분된 투표지,,0,7,1,4,5,2,-7
4100,경기도,안양시제4선거구,5411002,4110,안양시동안구,합계,,80021,43918,21367,21659,43026,892,36103
4100,경기도,안양시제4선거구,5411002,4110,안양시동안구,거소투표,,78,73,27,41,68,5,5
4100,경기도,안양시제4선거구,5411002,4110,안양시동안구,관외사전투표,,4967,4965,2545,2306,4851,114,2
4100,경기도,안양시제4선거구,5411002,4110,안양시동안구,달안동,계,8860,4578,2213,2243,4456,122,4282
4100,경기도,안양시제4선거구,5411002,4110,안양시동안구,달안동,관내사전투표,1536,1536,771,717,1488,48,0
4100,경기도,안양시제4선거구,5411002,4110,안양시동안구,달안동,선거일투표,7324,3042,1442,1526,2968,74,4282
4100,경기도,안양시제4선거구,5411002,4110,안양시동안구,관양1동,계,29299,15048,7029,7737,14766,282,14251
4100,경기도,안양시제4선거구,5411002,4110,안양시동안구,관양1동,관내사전투표,4082,4078,2008,1996,4004,74,4
4100,경기도,안양시제4선거구,5411002,4110,안양시동안구,관양1동,선거일투표,25217,10970,5021,5741,10762,208,14247
4100,경기도,안양시제4선거구,5411002,4110,안양시동안구,관양2동,계,15647,8184,3881,4102,7983,201,7463
4100,경기도,안양시제4선거구,5411002,4110,안양시동안구,관양2동,관내사전투표,2548,2548,1275,1211,2486,62,0
4100,경기도,안양시제4선거구,5411002,4110,안양시동안구,관양2동,선거일투표,13099,5636,2606,2891,5497,139,7463
4100,경기도,안양시제4선거구,5411002,4110,안양시동안구,부림동,계,21170,11063,5667,5228,10895,168,10107
4100,경기도,안양시제4선거구,5411002,4110,안양시동안구,부림동,관내사전투표,3651,3651,1948,1640,3588,63,0
4100,경기도,안양시제4선거구,5411002,4110,안양시동안구,부림동,선거일투표,17519,7412,3719,3588,7307,105,10107
4100,경기도,안양시제4선거구,5411002,4110,안양시동안구,잘못 투입·구분된 투표지,,0,7,5,2,7,0,-7
4100,경기도,안양시제5선거구,5411003,4110,안양시동안구,합계,,63923,39852,18780,20368,39148,704,24071
4100,경기도,안양시제5선거구,5411003,4110,안양시동안구,거소투표,,69,68,30,33,63,5,1
4100,경기도,안양시제5선거구,5411003,4110,안양시동안구,관외사전투표,,3516,3515,1686,1740,3426,89,1
4100,경기도,안양시제5선거구,5411003,4110,안양시동안구,평촌동,계,11299,6742,3288,3345,6633,109,4557
4100,경기도,안양시제5선거구,5411003,4110,안양시동안구,평촌동,관내사전투표,2374,2373,1175,1152,2327,46,1
4100,경기도,안양시제5선거구,5411003,4110,안양시동안구,평촌동,선거일투표,8925,4369,2113,2193,4306,63,4556
4100,경기도,안양시제5선거구,5411003,4110,안양시동안구,평안동,계,17028,10251,5160,4923,10083,168,6777
4100,경기도,안양시제5선거구,5411003,4110,안양시동안구,평안동,관내사전투표,3399,3399,1797,1533,3330,69,0
4100,경기도,안양시제5선거구,5411003,4110,안양시동안구,평안동,선거일투표,13629,6852,3363,3390,6753,99,6777
4100,경기도,안양시제5선거구,5411003,4110,안양시동안구,귀인동,계,11598,7149,3372,3624,6996,153,4449
4100,경기도,안양시제5선거구,5411003,4110,안양시동안구,귀인동,관내사전투표,2325,2323,1125,1163,2288,35,2
4100,경기도,안양시제5선거구,5411003,4110,안양시동안구,귀인동,선거일투표,9273,4826,2247,2461,4708,118,4447
4100,경기도,안양시제5선거구,5411003,4110,안양시동안구,범계동,계,11963,7129,3020,3988,7008,121,4834
4100,경기도,안양시제5선거구,5411003,4110,안양시동안구,범계동,관내사전투표,2305,2304,1074,1195,2269,35,1
4100,경기도,안양시제5선거구,5411003,4110,안양시동안구,범계동,선거일투표,9658,4825,1946,2793,4739,86,4833
4100,경기도,안양시제5선거구,5411003,4110,안양시동안구,갈산동,계,8450,4987,2220,2709,4929,58,3463
4100,경기도,안양시제5선거구,5411003,4110,안양시동안구,갈산동,관내사전투표,1665,1665,758,878,1636,29,0
4100,경기도,안양시제5선거구,5411003,4110,안양시동안구,갈산동,선거일투표,6785,3322,1462,1831,3293,29,3463
4100,경기도,안양시제5선거구,5411003,4110,안양시동안구,잘못 투입·구분된 투표지,,0,11,4,6,10,1,-11
4100,경기도,안양시제6선거구,5411004,4110,안양시동안구,합계,,61895,36315,18128,17549,35677,638,25580
4100,경기도,안양시제6선거구,5411004,4110,안양시동안구,거소투표,,71,67,33,30,63,4,4
4100,경기도,안양시제6선거구,5411004,4110,안양시동안구,관외사전투표,,3935,3934,2095,1740,3835,99,1
4100,경기도,안양시제6선거구,5411004,4110,안양시동안구,호계1동,계,13686,7845,3909,3789,7698,147,5841
4100,경기도,안양시제6선거구,5411004,4110,안양시동안구,호계1동,관내사전투표,2117,2117,1080,996,2076,41,0
4100,경기도,안양시제6선거구,5411004,4110,안양시동안구,호계1동,선거일투표,11569,5728,2829,2793,5622,106,5841
4100,경기도,안양시제6선거구,5411004,4110,안양시동안구,호계2동,계,15473,8382,4142,4074,8216,166,7091
4100,경기도,안양시제6선거구,5411004,4110,안양시동안구,호계2동,관내사전투표,2279,2279,1105,1095,2200,79,0
4100,경기도,안양시제6선거구,5411004,4110,안양시동안구,호계2동,선거일투표,13194,6103,3037,2979,6016,87,7091
4100,경기도,안양시제6선거구,5411004,4110,안양시동안구,호계3동,계,18520,9810,4854,4813,9667,143,8710
4100,경기도,안양시제6선거구,5411004,4110,안양시동안구,호계3동,관내사전투표,3595,3594,1787,1736,3523,71,1
4100,경기도,안양시제6선거구,5411004,4110,안양시동안구,호계3동,선거일투표,14925,6216,3067,3077,6144,72,8709
4100,경기도,안양시제6선거구,5411004,4110,안양시동안구,신촌동,계,10210,6275,3093,3103,6196,79,3935
4100,경기도,안양시제6선거구,5411004,4110,안양시동안구,신촌동,관내사전투표,2433,2432,1233,1162,2395,37,1
4100,경기도,안양시제6선거구,5411004,4110,안양시동안구,신촌동,선거일투표,7777,3843,1860,1941,3801,42,3934
4100,경기도,안양시제6선거구,5411004,4110,안양시동안구,잘못 투입·구분된 투표지,,0,2,2,0,2,0,-2
4100,경기도,부천시제1선거구,5411101,4145,부천시,합계,,79200,37867,20472,16259,36731,1136,41333
4100,경기도,부천시제1선거구,5411101,4145,부천시,거소투표,,68,67,33,28,61,6,1
4100,경기도,부천시제1선거구,5411101,4145,부천시,관외사전투표,,4051,4043,2343,1586,3929,114,8
4100,경기도,부천시제1선거구,5411101,4145,부천시,부천동,계,75081,33682,18068,14608,32676,1006,41399
4100,경기도,부천시제1선거구,5411101,4145,부천시,부천동,관내사전투표,11409,11363,6386,4700,11086,277,46
4100,경기도,부천시제1선거구,5411101,4145,부천시,부천동,선거일투표,63672,22319,11682,9908,21590,729,41353
4100,경기도,부천시제1선거구,5411101,4145,부천시,잘못 투입·구분된 투표지,,0,75,28,37,65,10,-75
4100,경기도,부천시제2선거구,5411102,4145,부천시,합계,,58772,24790,12764,11420,24184,606,33982
4100,경기도,부천시제2선거구,5411102,4145,부천시,거소투표,,74,71,37,27,64,7,3
4100,경기도,부천시제2선거구,5411102,4145,부천시,관외사전투표,,3154,3148,1758,1311,3069,79,6
4100,경기도,부천시제2선거구,5411102,4145,부천시,심곡동,계,55544,21539,10951,10074,21025,514,34005
4100,경기도,부천시제2선거구,5411102,4145,부천시,심곡동,관내사전투표,7646,7627,3931,3480,7411,216,19
4100,경기도,부천시제2선거구,5411102,4145,부천시,심곡동,선거일투표,47898,13912,7020,6594,13614,298,33986
4100,경기도,부천시제2선거구,5411102,4145,부천시,잘못 투입·구분된 투표지,,0,32,18,8,26,6,-32
4100,경기도,부천시제3선거구,5411103,4145,부천시,합계,,105483,57591,30207,26033,56240,1351,47892
4100,경기도,부천시제3선거구,5411103,4145,부천시,거소투표,,133,127,50,64,114,13,6
4100,경기도,부천시제3선거구,5411103,4145,부천시,관외사전투표,,6372,6350,3462,2739,6201,149,22
4100,경기도,부천시제3선거구,5411103,4145,부천시,중동,계,33255,15976,7855,7904,15759,217,17279
4100,경기도,부천시제3선거구,5411103,4145,부천시,중동,관내사전투표,5125,5103,2530,2485,5015,88,22
4100,경기도,부천시제3선거구,5411103,4145,부천시,중동,선거일투표,28130,10873,5325,5419,10744,129,17257
4100,경기도,부천시제3선거구,5411103,4145,부천시,상동,계,65723,35032,18797,15282,34079,953,30691
4100,경기도,부천시제3선거구,5411103,4145,부천시,상동,관내사전투표,12380,12330,6902,5164,12066,264,50
4100,경기도,부천시제3선거구,5411103,4145,부천시,상동,선거일투표,53343,22702,11895,10118,22013,689,30641
4100,경기도,부천시제3선거구,5411103,4145,부천시,잘못 투입·구분된 투표지,,0,106,43,44,87,19,-106
4100,경기도,부천시제4선거구,5411104,4145,부천시,합계,,112051,58835,29868,27457,57325,1510,53216
4100,경기도,부천시제4선거구,5411104,4145,부천시,거소투표,,127,121,50,54,104,17,6
4100,경기도,부천시제4선거구,5411104,4145,부천시,관외사전투표,,7033,7018,3703,3158,6861,157,15
4100,경기도,부천시제4선거구,5411104,4145,부천시,신중동,계,104891,51609,26079,24200,50279,1330,53282
4100,경기도,부천시제4선거구,5411104,4145,부천시,신중동,관내사전투표,14948,14886,7985,6572,14557,329,62
4100,경기도,부천시제4선거구,5411104,4145,부천시,신중동,선거일투표,89943,36723,18094,17628,35722,1001,53220
4100,경기도,부천시제4선거구,5411104,4145,부천시,잘못 투입·구분된 투표지,,0,87,36,45,81,6,-87
4100,경기도,부천시제5선거구,5411201,4145,부천시,합계,,123064,60940,31413,27869,59282,1658,62124
4100,경기도,부천시제5선거구,5411201,4145,부천시,거소투표,,204,188,76,48,124,64,16
4100,경기도,부천시제5선거구,5411201,4145,부천시,관외사전투표,,6323,6303,3539,2618,6157,146,20
4100,경기도,부천시제5선거구,5411201,4145,부천시,대산동,계,69217,31944,16297,14719,31016,928,37273
4100,경기도,부천시제5선거구,5411201,4145,부천시,대산동,관내사전투표,10727,10688,5636,4842,10478,210,39
4100,경기도,부천시제5선거구,5411201,4145,부천시,대산동,선거일투표,58490,21256,10661,9877,20538,718,37234
4100,경기도,부천시제5선거구,5411201,4145,부천시,소사본동,계,47320,22413,11455,10447,21902,511,24907
4100,경기도,부천시제5선거구,5411201,4145,부천시,소사본동,관내사전투표,7201,7184,3691,3288,6979,205,17
4100,경기도,부천시제5선거구,5411201,4145,부천시,소사본동,선거일투표,40119,15229,7764,7159,14923,306,24890
4100,경기도,부천시제5선거구,5411201,4145,부천시,잘못 투입·구분된 투표지,,0,92,46,37,83,9,-92
4100,경기도,부천시제6선거구,5411202,4145,부천시,합계,,78062,41788,22986,18035,41021,767,36274
4100,경기도,부천시제6선거구,5411202,4145,부천시,거소투표,,106,100,48,41,89,11,6
4100,경기도,부천시제6선거구,5411202,4145,부천시,관외사전투표,,4258,4249,2519,1620,4139,110,9
4100,경기도,부천시제6선거구,5411202,4145,부천시,범안동,계,73698,37402,20403,16355,36758,644,36296
4100,경기도,부천시제6선거구,5411202,4145,부천시,범안동,관내사전투표,10306,10288,5702,4380,10082,206,18
4100,경기도,부천시제6선거구,5411202,4145,부천시,범안동,선거일투표,63392,27114,14701,11975,26676,438,36278
4100,경기도,부천시제6선거구,5411202,4145,부천시,잘못 투입·구분된 투표지,,0,37,16,19,35,2,-37
4100,경기도,부천시제7선거구,5411301,4145,부천시,합계,,73228,33321,17651,14533,32184,1137,39907
4100,경기도,부천시제7선거구,5411301,4145,부천시,거소투표,,78,73,35,27,62,11,5
4100,경기도,부천시제7선거구,5411301,4145,부천시,관외사전투표,,3425,3418,1945,1376,3321,97,7
4100,경기도,부천시제7선거구,5411301,4145,부천시,성곡동,계,69725,29784,15651,13111,28762,1022,39941
4100,경기도,부천시제7선거구,5411301,4145,부천시,성곡동,관내사전투표,9420,9395,5115,3981,9096,299,25
4100,경기도,부천시제7선거구,5411301,4145,부천시,성곡동,선거일투표,60305,20389,10536,9130,19666,723,39916
4100,경기도,부천시제7선거구,5411301,4145,부천시,잘못 투입·구분된 투표지,,0,46,20,19,39,7,-46
4100,경기도,부천시제8선거구,5411302,4145,부천시,합계,,73114,32280,16765,14497,31262,1018,40834
4100,경기도,부천시제8선거구,5411302,4145,부천시,거소투표,,98,91,40,41,81,10,7
4100,경기도,부천시제8선거구,5411302,4145,부천시,관외사전투표,,3964,3959,2205,1652,3857,102,5
4100,경기도,부천시제8선거구,5411302,4145,부천시,오정동,계,69052,28196,14505,12786,27291,905,40856
4100,경기도,부천시제8선거구,5411302,4145,부천시,오정동,관내사전투표,7478,7460,3987,3253,7240,220,18
4100,경기도,부천시제8선거구,5411302,4145,부천시,오정동,선거일투표,61574,20736,10518,9533,20051,685,40838
4100,경기도,부천시제8선거구,5411302,4145,부천시,잘못 투입·구분된 투표지,,0,34,15,18,33,1,-34
4100,경기도,광명시제1선거구,5411401,4114,광명시,합계,,56395,32570,15774,16264,32038,532,23825
4100,경기도,광명시제1선거구,5411401,4114,광명시,거소투표,,55,52,22,25,47,5,3
4100,경기도,광명시제1선거구,5411401,4114,광명시,관외사전투표,,3443,3434,1786,1555,3341,93,9
4100,경기도,광명시제1선거구,5411401,4114,광명시,광명2동,계,3227,1543,709,788,1497,46,1684
4100,경기도,광명시제1선거구,5411401,4114,광명시,광명2동,관내사전투표,799,795,389,371,760,35,4
4100,경기도,광명시제1선거구,5411401,4114,광명시,광명2동,선거일투표,2428,748,320,417,737,11,1680
4100,경기도,광명시제1선거구,5411401,4114,광명시,광명3동,계,8354,3687,1644,1986,3630,57,4667
4100,경기도,광명시제1선거구,5411401,4114,광명시,광명3동,관내사전투표,977,976,474,483,957,19,1
4100,경기도,광명시제1선거구,5411401,4114,광명시,광명3동,선거일투표,7377,2711,1170,1503,2673,38,4666
4100,경기도,광명시제1선거구,5411401,4114,광명시,철산1동,계,8504,4786,2400,2311,4711,75,3718
4100,경기도,광명시제1선거구,5411401,4114,광명시,철산1동,관내사전투표,2136,2134,1128,969,2097,37,2
4100,경기도,광명시제1선거구,5411401,4114,광명시,철산1동,선거일투표,6368,2652,1272,1342,2614,38,3716
4100,경기도,광명시제1선거구,5411401,4114,광명시,철산2동,계,5130,2432,1152,1231,2383,49,2698
4100,경기도,광명시제1선거구,5411401,4114,광명시,철산2동,관내사전투표,1104,1103,552,526,1078,25,1
4100,경기도,광명시제1선거구,5411401,4114,광명시,철산2동,선거일투표,4026,1329,600,705,1305,24,2697
4100,경기도,광명시제1선거구,5411401,4114,광명시,철산3동,계,27682,16602,8043,8354,16397,205,11080
4100,경기도,광명시제1선거구,5411401,4114,광명시,철산3동,관내사전투표,4282,4273,2151,2034,4185,88,9
4100,경기도,광명시제1선거구,5411401,4114,광명시,철산3동,선거일투표,23400,12329,5892,6320,12212,117,11071
4100,경기도,광명시제1선거구,5411401,4114,광명시,잘못 투입·구분된 투표지,,0,34,18,14,32,2,-34
4100,경기도,광명시제2선거구,5411402,4114,광명시,합계,,61051,33540,15288,14585,3048,32921,619,27511
4100,경기도,광명시제2선거구,5411402,4114,광명시,거소투표,,94,91,41,32,9,82,9,3
4100,경기도,광명시제2선거구,5411402,4114,광명시,관외사전투표,,3605,3591,1744,1484,273,3501,90,14
4100,경기도,광명시제2선거구,5411402,4114,광명시,광명4동,계,11197,5744,2498,2761,409,5668,76,5453
4100,경기도,광명시제2선거구,5411402,4114,광명시,광명4동,관내사전투표,2117,2114,986,954,128,2068,46,3
4100,경기도,광명시제2선거구,5411402,4114,광명시,광명4동,선거일투표,9080,3630,1512,1807,281,3600,30,5450
4100,경기도,광명시제2선거구,5411402,4114,광명시,광명5동,계,10205,5104,2244,2243,496,4983,121,5101
4100,경기도,광명시제2선거구,5411402,4114,광명시,광명5동,관내사전투표,1984,1979,943,820,172,1935,44,5
4100,경기도,광명시제2선거구,5411402,4114,광명시,광명5동,선거일투표,8221,3125,1301,1423,324,3048,77,5096
4100,경기도,광명시제2선거구,5411402,4114,광명시,광명6동,계,8442,4651,1997,2148,406,4551,100,3791
4100,경기도,광명시제2선거구,5411402,4114,광명시,광명6동,관내사전투표,1724,1718,764,768,144,1676,42,6
4100,경기도,광명시제2선거구,5411402,4114,광명시,광명6동,선거일투표,6718,2933,1233,1380,262,2875,58,3785
4100,경기도,광명시제2선거구,5411402,4114,광명시,광명7동,계,17095,8652,3851,3660,1015,8526,126,8443
4100,경기도,광명시제2선거구,5411402,4114,광명시,광명7동,관내사전투표,3239,3229,1441,1349,374,3164,65,10
4100,경기도,광명시제2선거구,5411402,4114,광명시,광명7동,선거일투표,13856,5423,2410,2311,641,5362,61,8433
4100,경기도,광명시제2선거구,5411402,4114,광명시,철산4동,계,10413,5663,2889,2246,435,5570,93,4750
4100,경기도,광명시제2선거구,5411402,4114,광명시,철산4동,관내사전투표,1865,1864,1027,649,153,1829,35,1
4100,경기도,광명시제2선거구,5411402,4114,광명시,철산4동,선거일투표,8548,3799,1862,1597,282,3741,58,4749
4100,경기도,광명시제2선거구,5411402,4114,광명시,잘못 투입·구분된 투표지,,0,44,24,11,5,40,4,-44
4100,경기도,광명시제3선거구,5411403,4114,광명시,합계,,62684,36143,18224,17132,35356,787,26541
4100,경기도,광명시제3선거구,5411403,4114,광명시,거소투표,,102,96,45,46,91,5,6
4100,경기도,광명시제3선거구,5411403,4114,광명시,관외사전투표,,3103,3100,1574,1422,2996,104,3
4100,경기도,광명시제3선거구,5411403,4114,광명시,하안1동,계,19759,11140,5653,5284,10937,203,8619
4100,경기도,광명시제3선거구,5411403,4114,광명시,하안1동,관내사전투표,3195,3189,1669,1455,3124,65,6
4100,경기도,광명시제3선거구,5411403,4114,광명시,하안1동,선거일투표,16564,7951,3984,3829,7813,138,8613
4100,경기도,광명시제3선거구,5411403,4114,광명시,하안2동,계,11472,6074,3092,2863,5955,119,5398
4100,경기도,광명시제3선거구,5411403,4114,광명시,하안2동,관내사전투표,2525,2525,1296,1161,2457,68,0
4100,경기도,광명시제3선거구,5411403,4114,광명시,하안2동,선거일투표,8947,3549,1796,1702,3498,51,5398
4100,경기도,광명시제3선거구,5411403,4114,광명시,하안3동,계,16393,9076,4619,4232,8851,225,7317
4100,경기도,광명시제3선거구,5411403,4114,광명시,하안3동,관내사전투표,3015,3008,1559,1380,2939,69,7
4100,경기도,광명시제3선거구,5411403,4114,광명시,하안3동,선거일투표,13378,6068,3060,2852,5912,156,7310
4100,경기도,광명시제3선거구,5411403,4114,광명시,하안4동,계,10053,5608,2932,2567,5499,109,4445
4100,경기도,광명시제3선거구,5411403,4114,광명시,하안4동,관내사전투표,2312,2307,1266,1001,2267,40,5
4100,경기도,광명시제3선거구,5411403,4114,광명시,하안4동,선거일투표,7741,3301,1666,1566,3232,69,4440
4100,경기도,광명시제3선거구,5411403,4114,광명시,학온동,계,1802,1025,296,709,1005,20,777
4100,경기도,광명시제3선거구,5411403,4114,광명시,학온동,관내사전투표,351,350,105,233,338,12,1
4100,경기도,광명시제3선거구,5411403,4114,광명시,학온동,선거일투표,1451,675,191,476,667,8,776
4100,경기도,광명시제3선거구,5411403,4114,광명시,잘못 투입·구분된 투표지,,0,24,13,9,22,2,-24
4100,경기도,광명시제4선거구,5411404,4114,광명시,합계,,67103,37322,18627,15924,1940,36491,831,29781
4100,경기도,광명시제4선거구,5411404,4114,광명시,거소투표,,69,68,33,26,3,62,6,1
4100,경기도,광명시제4선거구,5411404,4114,광명시,관외사전투표,,3598,3591,1812,1534,162,3508,83,7
4100,경기도,광명시제4선거구,5411404,4114,광명시,소하1동,계,24012,13193,7028,5430,531,12989,204,10819
4100,경기도,광명시제4선거구,5411404,4114,광명시,소하1동,관내사전투표,3905,3896,2140,1553,147,3840,56,9
4100,경기도,광명시제4선거구,5411404,4114,광명시,소하1동,선거일투표,20107,9297,4888,3877,384,9149,148,10810
4100,경기도,광명시제4선거구,5411404,4114,광명시,소하2동,계,23122,11974,5668,5074,838,11580,394,11148
4100,경기도,광명시제4선거구,5411404,4114,광명시,소하2동,관내사전투표,3808,3794,1827,1527,298,3652,142,14
4100,경기도,광명시제4선거구,5411404,4114,광명시,소하2동,선거일투표,19314,8180,3841,3547,540,7928,252,11134
4100,경기도,광명시제4선거구,5411404,4114,광명시,일직동,계,16302,8451,4065,3842,406,8313,138,7851
4100,경기도,광명시제4선거구,5411404,4114,광명시,일직동,관내사전투표,2771,2770,1384,1219,133,2736,34,1
4100,경기도,광명시제4선거구,5411404,4114,광명시,일직동,선거일투표,13531,5681,2681,2623,273,5577,104,7850
4100,경기도,광명시제4선거구,5411404,4114,광명시,잘못 투입·구분된 투표지,,0,45,21,18,0,39,6,-45
4100,경기도,평택시제1선거구,5411501,4115,평택시,합계,,56404,23849,10674,12734,23408,441,32555
4100,경기도,평택시제1선거구,5411501,4115,평택시,거소투표,,79,74,35,29,64,10,5
4100,경기도,평택시제1선거구,5411501,4115,평택시,관외사전투표,,2389,2385,1098,1230,2328,57,4
4100,경기도,평택시제1선거구,5411501,4115,평택시,진위면,계,9787,4158,2026,2069,4095,63,5629
4100,경기도,평택시제1선거구,5411501,4115,평택시,진위면,관내사전투표,1312,1312,658,625,1283,29,0
4100,경기도,평택시제1선거구,5411501,4115,평택시,진위면,선거일투표,8475,2846,1368,1444,2812,34,5629
4100,경기도,평택시제1선거구,5411501,4115,평택시,서탄면,계,3148,1550,599,917,1516,34,1598
4100,경기도,평택시제1선거구,5411501,4115,평택시,서탄면,관내사전투표,531,528,188,318,506,22,3
4100,경기도,평택시제1선거구,5411501,4115,평택시,서탄면,선거일투표,2617,1022,411,599,1010,12,1595
4100,경기도,평택시제1선거구,5411501,4115,평택시,지산동,계,11445,3830,1753,2014,3767,63,7615
4100,경기도,평택시제1선거구,5411501,4115,평택시,지산동,관내사전투표,1540,1539,697,811,1508,31,1
4100,경기도,평택시제1선거구,5411501,4115,평택시,지산동,선거일투표,9905,2291,1056,1203,2259,32,7614
4100,경기도,평택시제1선거구,5411501,4115,평택시,송북동,계,18351,7817,3566,4134,7700,117,10534
4100,경기도,평택시제1선거구,5411501,4115,평택시,송북동,관내사전투표,2834,2825,1284,1473,2757,68,9
4100,경기도,평택시제1선거구,5411501,4115,평택시,송북동,선거일투표,15517,4992,2282,2661,4943,49,10525
4100,경기도,평택시제1선거구,5411501,4115,평택시,신장1동,계,5982,2132,895,1192,2087,45,3850
4100,경기도,평택시제1선거구,5411501,4115,평택시,신장1동,관내사전투표,952,952,361,559,920,32,0
4100,경기도,평택시제1선거구,5411501,4115,평택시,신장1동,선거일투표,5030,1180,534,633,1167,13,3850
4100,경기도,평택시제1선거구,5411501,4115,평택시,신장2동,계,5223,1889,697,1141,1838,51,3334
4100,경기도,평택시제1선거구,5411501,4115,평택시,신장2동,관내사전투표,801,799,316,447,763,36,2
4100,경기도,평택시제1선거구,5411501,4115,평택시,신장2동,선거일투표,4422,1090,381,694,1075,15,3332
4100,경기도,평택시제1선거구,5411501,4115,평택시,잘못 투입·구분된 투표지,,0,14,5,8,13,1,-14
4100,경기도,평택시제2선거구,5411502,4115,평택시,합계,,107721,46972,23703,22545,46248,724,60749
4100,경기도,평택시제2선거구,5411502,4115,평택시,거소투표,,128,112,54,49,103,9,16
4100,경기도,평택시제2선거구,5411502,4115,평택시,관외사전투표,,5851,5843,3047,2645,5692,151,8
4100,경기도,평택시제2선거구,5411502,4115,평택시,중앙동,계,36338,15065,7730,7143,14873,192,21273
4100,경기도,평택시제2선거구,5411502,4115,평택시,중앙동,관내사전투표,3312,3306,1771,1492,3263,43,6
4100,경기도,평택시제2선거구,5411502,4115,평택시,중앙동,선거일투표,33026,11759,5959,5651,11610,149,21267
4100,경기도,평택시제2선거구,5411502,4115,평택시,서정동,계,21676,7731,3823,3730,7553,178,13945
4100,경기도,평택시제2선거구,5411502,4115,평택시,서정동,관내사전투표,2360,2356,1184,1098,2282,74,4
4100,경기도,평택시제2선거구,5411502,4115,평택시,서정동,선거일투표,19316,5375,2639,2632,5271,104,13941
4100,경기도,평택시제2선거구,5411502,4115,평택시,송탄동,계,16856,6600,3456,3082,6538,62,10256
4100,경기도,평택시제2선거구,5411502,4115,평택시,송탄동,관내사전투표,1438,1437,726,688,1414,23,1
4100,경기도,평택시제2선거구,5411502,4115,평택시,송탄동,선거일투표,15418,5163,2730,2394,5124,39,10255
4100,경기도,평택시제2선거구,5411502,4115,평택시,통복동,계,3891,1766,726,1008,1734,32,2125
4100,경기도,평택시제2선거구,5411502,4115,평택시,통복동,관내사전투표,649,649,286,350,636,13,0
4100,경기도,평택시제2선거구,5411502,4115,평택시,통복동,선거일투표,3242,1117,440,658,1098,19,2125
4100,경기도,평택시제2선거구,5411502,4115,평택시,세교동,계,22981,9829,4857,4873,9730,99,13152
4100,경기도,평택시제2선거구,5411502,4115,평택시,세교동,관내사전투표,2962,2960,1603,1327,2930,30,2
4100,경기도,평택시제2선거구,5411502,4115,평택시,세교동,선거일투표,20019,6869,3254,3546,6800,69,13150
4100,경기도,평택시제2선거구,5411502,4115,평택시,잘못 투입·구분된 투표지,,0,26,10,15,25,1,-26
4100,경기도,평택시제3선거구,5411503,4115,평택시,합계,,70332,31537,16510,14553,31063,474,38795
4100,경기도,평택시제3선거구,5411503,4115,평택시,거소투표,,73,69,29,31,60,9,4
4100,경기도,평택시제3선거구,5411503,4115,평택시,관외사전투표,,4490,4480,2232,2151,4383,97,10
4100,경기도,평택시제3선거구,5411503,4115,평택시,비전1동,계,38440,16448,8659,7540,16199,249,21992
4100,경기도,평택시제3선거구,5411503,4115,평택시,비전1동,관내사전투표,3635,3630,2070,1497,3567,63,5
4100,경기도,평택시제3선거구,5411503,4115,평택시,비전1동,선거일투표,34805,12818,6589,6043,12632,186,21987
4100,경기도,평택시제3선거구,5411503,4115,평택시,동삭동,계,27329,10524,5581,4825,10406,118,16805
4100,경기도,평택시제3선거구,5411503,4115,평택시,동삭동,관내사전투표,2666,2663,1499,1126,2625,38,3
4100,경기도,평택시제3선거구,5411503,4115,평택시,동삭동,선거일투표,24663,7861,4082,3699,7781,80,16802
4100,경기도,평택시제3선거구,5411503,4115,평택시,잘못 투입·구분된 투표지,,0,16,9,6,15,1,-16
4100,경기도,평택시제4선거구,5411504,4115,평택시,합계,,65983,31044,14335,15043,1368,30746,298,34939
4100,경기도,평택시제4선거구,5411504,4115,평택시,거소투표,,76,74,30,28,11,69,5,2
4100,경기도,평택시제4선거구,5411504,4115,평택시,관외사전투표,,3671,3665,1695,1744,157,3596,69,6
4100,경기도,평택시제4선거구,5411504,4115,평택시,비전2동,계,42698,18554,8255,9327,803,18385,169,24144
4100,경기도,평택시제4선거구,5411504,4115,평택시,비전2동,관내사전투표,4257,4251,1929,2101,160,4190,61,6
4100,경기도,평택시제4선거구,5411504,4115,평택시,비전2동,선거일투표,38441,14303,6326,7226,643,14195,108,24138
4100,경기도,평택시제4선거구,5411504,4115,평택시,용이동,계,19538,8734,4344,3940,395,8679,55,10804
4100,경기도,평택시제4선거구,5411504,4115,평택시,용이동,관내사전투표,2328,2322,1228,977,96,2301,21,6
4100,경기도,평택시제4선거구,5411504,4115,평택시,용이동,선거일투표,17210,6412,3116,2963,299,6378,34,10798
4100,경기도,평택시제4선거구,5411504,4115,평택시,잘못 투입·구분된 투표지,,0,17,11,4,2,17,0,-17
4100,경기도,평택시제5선거구,5411505,4115,평택시,합계,,89000,37535,18163,18624,36787,748,51465
4100,경기도,평택시제5선거구,5411505,4115,평택시,거소투표,,720,683,255,359,614,69,37
4100,경기도,평택시제5선거구,5411505,4115,평택시,관외사전투표,,3630,3624,1663,1854,3517,107,6
4100,경기도,평택시제5선거구,5411505,4115,평택시,안중읍,계,33978,13402,6965,6251,13216,186,20576
4100,경기도,평택시제5선거구,5411505,4115,평택시,안중읍,관내사전투표,3765,3756,1982,1715,3697,59,9
4100,경기도,평택시제5선거구,5411505,4115,평택시,안중읍,선거일투표,30213,9646,4983,4536,9519,127,20567
4100,경기도,평택시제5선거구,5411505,4115,평택시,포승읍,계,20334,7009,3265,3595,6860,149,13325
4100,경기도,평택시제5선거구,5411505,4115,평택시,포승읍,관내사전투표,2449,2444,1259,1145,2404,40,5
4100,경기도,평택시제5선거구,5411505,4115,평택시,포승읍,선거일투표,17885,4565,2006,2450,4456,109,13320
4100,경기도,평택시제5선거구,5411505,4115,평택시,청북읍,계,19504,7333,3685,3529,7214,119,12171
4100,경기도,평택시제5선거구,5411505,4115,평택시,청북읍,관내사전투표,1759,1758,897,824,1721,37,1
4100,경기도,평택시제5선거구,5411505,4115,평택시,청북읍,선거일투표,17745,5575,2788,2705,5493,82,12170
4100,경기도,평택시제5선거구,5411505,4115,평택시,오성면,계,5797,2632,988,1575,2563,69,3165
4100,경기도,평택시제5선거구,5411505,4115,평택시,오성면,관내사전투표,974,974,405,528,933,41,0
4100,경기도,평택시제5선거구,5411505,4115,평택시,오성면,선거일투표,4823,1658,583,1047,1630,28,3165
4100,경기도,평택시제5선거구,5411505,4115,평택시,현덕면,계,5037,2818,1327,1444,2771,47,2219
4100,경기도,평택시제5선거구,5411505,4115,평택시,현덕면,관내사전투표,1374,1370,700,639,1339,31,4
4100,경기도,평택시제5선거구,5411505,4115,평택시,현덕면,선거일투표,3663,1448,627,805,1432,16,2215
4100,경기도,평택시제5선거구,5411505,4115,평택시,잘못 투입·구분된 투표지,,0,34,15,17,32,2,-34
4100,경기도,평택시제6선거구,5411506,4115,평택시,합계,,88916,37210,15282,21166,36448,762,51706
4100,경기도,평택시제6선거구,5411506,4115,평택시,거소투표,,98,92,45,40,85,7,6
4100,경기도,평택시제6선거구,5411506,4115,평택시,관외사전투표,,5343,5336,2445,2776,5221,115,7
4100,경기도,평택시제6선거구,5411506,4115,평택시,팽성읍,계,24734,9671,3465,6050,9515,156,15063
4100,경기도,평택시제6선거구,5411506,4115,평택시,팽성읍,관내사전투표,2752,2750,1093,1608,2701,49,2
4100,경기도,평택시제6선거구,5411506,4115,평택시,팽성읍,선거일투표,21982,6921,2372,4442,6814,107,15061
4100,경기도,평택시제6선거구,5411506,4115,평택시,고덕면,계,10892,4108,1685,2325,4010,98,6784
4100,경기도,평택시제6선거구,5411506,4115,평택시,고덕면,관내사전투표,984,981,415,546,961,20,3
4100,경기도,평택시제6선거구,5411506,4115,평택시,고덕면,선거일투표,9908,3127,1270,1779,3049,78,6781
4100,경기도,평택시제6선거구,5411506,4115,평택시,신평동,계,19418,7183,2873,4088,6961,222,12235
4100,경기도,평택시제6선거구,5411506,4115,평택시,신평동,관내사전투표,1926,1923,823,1054,1877,46,3
4100,경기도,평택시제6선거구,5411506,4115,평택시,신평동,선거일투표,17492,5260,2050,3034,5084,176,12232
4100,경기도,평택시제6선거구,5411506,4115,평택시,원평동,계,11609,4812,2036,2690,4726,86,6797
4100,경기도,평택시제6선거구,5411506,4115,평택시,원평동,관내사전투표,1799,1798,805,946,1751,47,1
4100,경기도,평택시제6선거구,5411506,4115,평택시,원평동,선거일투표,9810,3014,1231,1744,2975,39,6796
4100,경기도,평택시제6선거구,5411506,4115,평택시,고덕동,계,16822,5987,2730,3180,5910,77,10835
4100,경기도,평택시제6선거구,5411506,4115,평택시,고덕동,관내사전투표,1237,1236,638,580,1218,18,1
4100,경기도,평택시제6선거구,5411506,4115,평택시,고덕동,선거일투표,15585,4751,2092,2600,4692,59,10834
4100,경기도,평택시제6선거구,5411506,4115,평택시,잘못 투입·구분된 투표지,,0,21,3,17,20,1,-21
4100,경기도,양주시제1선거구,5411601,4116,양주시,합계,,88722,44204,19541,23702,43243,961,44518
4100,경기도,양주시제1선거구,5411601,4116,양주시,거소투표,,375,320,147,139,286,34,55
4100,경기도,양주시제1선거구,5411601,4116,양주시,관외사전투표,,4504,4493,2229,2139,4368,125,11
4100,경기도,양주시제1선거구,5411601,4116,양주시,백석읍,계,21719,10421,4220,5961,10181,240,11298
4100,경기도,양주시제1선거구,5411601,4116,양주시,백석읍,관내사전투표,3272,3266,1404,1815,3219,47,6
4100,경기도,양주시제1선거구,5411601,4116,양주시,백석읍,선거일투표,18447,7155,2816,4146,6962,193,11292
4100,경기도,양주시제1선거구,5411601,4116,양주시,광적면,계,10245,5007,1897,2990,4887,120,5238
4100,경기도,양주시제1선거구,5411601,4116,양주시,광적면,관내사전투표,2583,2582,1019,1493,2512,70,1
4100,경기도,양주시제1선거구,5411601,4116,양주시,광적면,선거일투표,7662,2425,878,1497,2375,50,5237
4100,경기도,양주시제1선거구,5411601,4116,양주시,장흥면,계,9344,4351,1594,2695,4289,62,4993
4100,경기도,양주시제1선거구,5411601,4116,양주시,장흥면,관내사전투표,1557,1552,589,937,1526,26,5
4100,경기도,양주시제1선거구,5411601,4116,양주시,장흥면,선거일투표,7787,2799,1005,1758,2763,36,4988
4100,경기도,양주시제1선거구,5411601,4116,양주시,양주1동,계,4487,2296,863,1381,2244,52,2191
4100,경기도,양주시제1선거구,5411601,4116,양주시,양주1동,관내사전투표,549,548,234,299,533,15,1
4100,경기도,양주시제1선거구,5411601,4116,양주시,양주1동,선거일투표,3938,1748,629,1082,1711,37,2190
4100,경기도,양주시제1선거구,5411601,4116,양주시,양주2동,계,38048,17277,8579,8375,16954,323,20771
4100,경기도,양주시제1선거구,5411601,4116,양주시,양주2동,관내사전투표,4516,4505,2300,2134,4434,71,11
4100,경기도,양주시제1선거구,5411601,4116,양주시,양주2동,선거일투표,33532,12772,6279,6241,12520,252,20760
4100,경기도,양주시제1선거구,5411601,4116,양주시,잘못 투입·구분된 투표지,,0,39,12,22,34,5,-39
4100,경기도,양주시제2선거구,5411602,4116,양주시,합계,,109029,50951,24840,24993,49833,1118,58078
4100,경기도,양주시제2선거구,5411602,4116,양주시,거소투표,,188,176,66,93,159,17,12
4100,경기도,양주시제2선거구,5411602,4116,양주시,관외사전투표,,5022,5015,2570,2317,4887,128,7
4100,경기도,양주시제2선거구,5411602,4116,양주시,은현면,계,5155,2487,848,1595,2443,44,2668
4100,경기도,양주시제2선거구,5411602,4116,양주시,은현면,관내사전투표,940,937,358,556,914,23,3
4100,경기도,양주시제2선거구,5411602,4116,양주시,은현면,선거일투표,4215,1550,490,1039,1529,21,2665
4100,경기도,양주시제2선거구,5411602,4116,양주시,남면,계,5932,2777,1050,1648,2698,79,3155
4100,경기도,양주시제2선거구,5411602,4116,양주시,남면,관내사전투표,1031,1031,423,581,1004,27,0
4100,경기도,양주시제2선거구,5411602,4116,양주시,남면,선거일투표,4901,1746,627,1067,1694,52,3155
4100,경기도,양주시제2선거구,5411602,4116,양주시,회천1동,계,8391,4013,1744,2190,3934,79,4378
4100,경기도,양주시제2선거구,5411602,4116,양주시,회천1동,관내사전투표,1721,1719,805,872,1677,42,2
4100,경기도,양주시제2선거구,5411602,4116,양주시,회천1동,선거일투표,6670,2294,939,1318,2257,37,4376
4100,경기도,양주시제2선거구,5411602,4116,양주시,회천2동,계,22382,9668,4712,4719,9431,237,12714
4100,경기도,양주시제2선거구,5411602,4116,양주시,회천2동,관내사전투표,3258,3251,1681,1506,3187,64,7
4100,경기도,양주시제2선거구,5411602,4116,양주시,회천2동,선거일투표,19124,6417,3031,3213,6244,173,12707
4100,경기도,양주시제2선거구,5411602,4116,양주시,회천3동,계,21731,10096,4960,4890,9850,246,11635
4100,경기도,양주시제2선거구,5411602,4116,양주시,회천3동,관내사전투표,3727,3720,1891,1724,3615,105,7
4100,경기도,양주시제2선거구,5411602,4116,양주시,회천3동,선거일투표,18004,6376,3069,3166,6235,141,11628
4100,경기도,양주시제2선거구,5411602,4116,양주시,회천4동,계,40228,16684,8879,7521,16400,284,23544
4100,경기도,양주시제2선거구,5411602,4116,양주시,회천4동,관내사전투표,4201,4195,2259,1866,4125,70,6
4100,경기도,양주시제2선거구,5411602,4116,양주시,회천4동,선거일투표,36027,12489,6620,5655,12275,214,23538
4100,경기도,양주시제2선거구,5411602,4116,양주시,잘못 투입·구분된 투표지,,0,35,11,20,31,4,-35
4100,경기도,동두천시제1선거구,5411701,4117,동두천시,합계,,36487,18071,8839,8643,17482,589,18416
4100,경기도,동두천시제1선거구,5411701,4117,동두천시,거소투표,,91,81,40,29,69,12,10
4100,경기도,동두천시제1선거구,5411701,4117,동두천시,관외사전투표,,1796,1794,926,818,1744,50,2
4100,경기도,동두천시제1선거구,5411701,4117,동두천시,생연2동,계,9654,4794,2214,2428,4642,152,4860
4100,경기도,동두천시제1선거구,5411701,4117,동두천시,생연2동,관내사전투표,2011,2011,924,1014,1938,73,0
4100,경기도,동두천시제1선거구,5411701,4117,동두천시,생연2동,선거일투표,7643,2783,1290,1414,2704,79,4860
4100,경기도,동두천시제1선거구,5411701,4117,동두천시,송내동,계,20277,9199,4689,4226,8915,284,11078
4100,경기도,동두천시제1선거구,5411701,4117,동두천시,송내동,관내사전투표,3564,3562,1874,1600,3474,88,2
4100,경기도,동두천시제1선거구,5411701,4117,동두천시,송내동,선거일투표,16713,5637,2815,2626,5441,196,11076
4100,경기도,동두천시제1선거구,5411701,4117,동두천시,상패동,계,4669,2200,968,1141,2109,91,2469
4100,경기도,동두천시제1선거구,5411701,4117,동두천시,상패동,관내사전투표,982,982,481,459,940,42,0
4100,경기도,동두천시제1선거구,5411701,4117,동두천시,상패동,선거일투표,3687,1218,487,682,1169,49,2469
4100,경기도,동두천시제1선거구,5411701,4117,동두천시,잘못 투입·구분된 투표지,,0,3,2,1,3,0,-3
4100,경기도,동두천시제2선거구,5411702,4117,동두천시,합계,,44587,21673,9424,11636,21060,613,22914
4100,경기도,동두천시제2선거구,5411702,4117,동두천시,거소투표,,78,69,36,28,64,5,9
4100,경기도,동두천시제2선거구,5411702,4117,동두천시,관외사전투표,,2436,2428,1222,1133,2355,73,8
4100,경기도,동두천시제2선거구,5411702,4117,동두천시,생연1동,계,5766,2625,1092,1456,2548,77,3141
4100,경기도,동두천시제2선거구,5411702,4117,동두천시,생연1동,관내사전투표,1136,1136,483,611,1094,42,0
4100,경기도,동두천시제2선거구,5411702,4117,동두천시,생연1동,선거일투표,4630,1489,609,845,1454,35,3141
4100,경기도,동두천시제2선거구,5411702,4117,동두천시,중앙동,계,4679,2275,909,1273,2182,93,2404
4100,경기도,동두천시제2선거구,5411702,4117,동두천시,중앙동,관내사전투표,1165,1164,479,633,1112,52,1
4100,경기도,동두천시제2선거구,5411702,4117,동두천시,중앙동,선거일투표,3514,1111,430,640,1070,41,2403
4100,경기도,동두천시제2선거구,5411702,4117,동두천시,보산동,계,2645,1231,513,663,1176,55,1414
4100,경기도,동두천시제2선거구,5411702,4117,동두천시,보산동,관내사전투표,610,610,270,315,585,25,0
4100,경기도,동두천시제2선거구,5411702,4117,동두천시,보산동,선거일투표,2035,621,243,348,591,30,1414
4100,경기도,동두천시제2선거구,5411702,4117,동두천시,불현동,계,21228,9248,4126,4912,9038,210,11980
4100,경기도,동두천시제2선거구,5411702,4117,동두천시,불현동,관내사전투표,3265,3264,1493,1680,3173,91,1
4100,경기도,동두천시제2선거구,5411702,4117,동두천시,불현동,선거일투표,17963,5984,2633,3232,5865,119,11979
4100,경기도,동두천시제2선거구,5411702,4117,동두천시,소요동,계,7755,3793,1525,2168,3693,100,3962
4100,경기도,동두천시제2선거구,5411702,4117,동두천시,소요동,관내사전투표,1262,1262,538,671,1209,53,0
4100,경기도,동두천시제2선거구,5411702,4117,동두천시,소요동,선거일투표,6493,2531,987,1497,2484,47,3962
4100,경기도,동두천시제2선거구,5411702,4117,동두천시,잘못 투입·구분된 투표지,,0,4,1,3,4,0,-4
4100,경기도,안산시제1선거구,5411801,4118,안산시상록구,합계,,107690,50844,27069,22807,49876,968,56846
4100,경기도,안산시제1선거구,5411801,4118,안산시상록구,거소투표,,134,131,61,59,120,11,3
4100,경기도,안산시제1선거구,5411801,4118,안산시상록구,관외사전투표,,5153,5149,2779,2219,4998,151,4
4100,경기도,안산시제1선거구,5411801,4118,안산시상록구,사동,계,28426,11581,6402,4954,11356,225,16845
4100,경기도,안산시제1선거구,5411801,4118,안산시상록구,사동,관내사전투표,3403,3403,1900,1412,3312,91,0
4100,경기도,안산시제1선거구,5411801,4118,안산시상록구,사동,선거일투표,25023,8178,4502,3542,8044,134,16845
4100,경기도,안산시제1선거구,5411801,4118,안산시상록구,사이동,계,26347,11341,6249,4868,11117,224,15006
4100,경기도,안산시제1선거구,5411801,4118,안산시상록구,사이동,관내사전투표,3249,3249,1729,1457,3186,63,0
4100,경기도,안산시제1선거구,5411801,4118,안산시상록구,사이동,선거일투표,23098,8092,4520,3411,7931,161,15006
4100,경기도,안산시제1선거구,5411801,4118,안산시상록구,해양동,계,30694,15035,7558,7250,14808,227,15659
4100,경기도,안산시제1선거구,5411801,4118,안산시상록구,해양동,관내사전투표,3400,3400,1692,1641,3333,67,0
4100,경기도,안산시제1선거구,5411801,4118,안산시상록구,해양동,선거일투표,27294,11635,5866,5609,11475,160,15659
4100,경기도,안산시제1선거구,5411801,4118,안산시상록구,본오3동,계,16936,7592,4016,3449,7465,127,9344
4100,경기도,안산시제1선거구,5411801,4118,안산시상록구,본오3동,관내사전투표,2335,2331,1309,985,2294,37,4
4100,경기도,안산시제1선거구,5411801,4118,안산시상록구,본오3동,선거일투표,14601,5261,2707,2464,5171,90,9340
4100,경기도,안산시제1선거구,5411801,4118,안산시상록구,잘못 투입·구분된 투표지,,0,15,4,8,12,3,-15
4100,경기도,안산시제2선거구,5411802,4118,안산시상록구,합계,,70816,31712,16571,14049,30620,1092,39104
4100,경기도,안산시제2선거구,5411802,4118,안산시상록구,거소투표,,89,87,36,38,74,13,2
4100,경기도,안산시제2선거구,5411802,4118,안산시상록구,관외사전투표,,3368,3367,1897,1379,3276,91,1
4100,경기도,안산시제2선거구,5411802,4118,안산시상록구,본오1동,계,30680,10771,5733,4701,10434,337,19909
4100,경기도,안산시제2선거구,5411802,4118,안산시상록구,본오1동,관내사전투표,3146,3143,1771,1290,3061,82,3
4100,경기도,안산시제2선거구,5411802,4118,안산시상록구,본오1동,선거일투표,27534,7628,3962,3411,7373,255,19906
4100,경기도,안산시제2선거구,5411802,4118,안산시상록구,본오2동,계,21836,9610,4994,4214,9208,402,12226
4100,경기도,안산시제2선거구,5411802,4118,안산시상록구,본오2동,관내사전투표,2547,2543,1395,1098,2493,50,4
4100,경기도,안산시제2선거구,5411802,4118,안산시상록구,본오2동,선거일투표,19289,7067,3599,3116,6715,352,12222
4100,경기도,안산시제2선거구,5411802,4118,안산시상록구,반월동,계,14843,7865,3908,3711,7619,246,6978
4100,경기도,안산시제2선거구,5411802,4118,안산시상록구,반월동,관내사전투표,2825,2825,1471,1272,2743,82,0
4100,경기도,안산시제2선거구,5411802,4118,안산시상록구,반월동,선거일투표,12018,5040,2437,2439,4876,164,6978
4100,경기도,안산시제2선거구,5411802,4118,안산시상록구,잘못 투입·구분된 투표지,,0,12,3,6,9,3,-12
4100,경기도,안산시제3선거구,5411803,4118,안산시상록구,합계,,66386,30143,15424,14027,29451,692,36243
4100,경기도,안산시제3선거구,5411803,4118,안산시상록구,거소투표,,91,86,32,48,80,6,5
4100,경기도,안산시제3선거구,5411803,4118,안산시상록구,관외사전투표,,3086,3085,1660,1352,3012,73,1
4100,경기도,안산시제3선거구,5411803,4118,안산시상록구,일동,계,20769,8056,4398,3496,7894,162,12713
4100,경기도,안산시제3선거구,5411803,4118,안산시상록구,일동,관내사전투표,2717,2717,1510,1137,2647,70,0
4100,경기도,안산시제3선거구,5411803,4118,안산시상록구,일동,선거일투표,18052,5339,2888,2359,5247,92,12713
4100,경기도,안산시제3선거구,5411803,4118,안산시상록구,이동,계,20960,7576,3828,3567,7395,181,13384
4100,경기도,안산시제3선거구,5411803,4118,안산시상록구,이동,관내사전투표,1890,1890,1010,831,1841,49,0
4100,경기도,안산시제3선거구,5411803,4118,안산시상록구,이동,선거일투표,19070,5686,2818,2736,5554,132,13384
4100,경기도,안산시제3선거구,5411803,4118,안산시상록구,성포동,계,21480,11329,5499,5560,11059,270,10151
4100,경기도,안산시제3선거구,5411803,4118,안산시상록구,성포동,관내사전투표,3484,3481,1759,1660,3419,62,3
4100,경기도,안산시제3선거구,5411803,4118,안산시상록구,성포동,선거일투표,17996,7848,3740,3900,7640,208,10148
4100,경기도,안산시제3선거구,5411803,4118,안산시상록구,잘못 투입·구분된 투표지,,0,11,7,4,11,0,-11
4100,경기도,안산시제4선거구,5411804,4118,안산시상록구,합계,,60498,26213,14421,11053,25474,739,34285
4100,경기도,안산시제4선거구,5411804,4118,안산시상록구,거소투표,,98,97,45,37,82,15,1
4100,경기도,안산시제4선거구,5411804,4118,안산시상록구,관외사전투표,,2534,2532,1492,970,2462,70,2
4100,경기도,안산시제4선거구,5411804,4118,안산시상록구,부곡동,계,18210,7128,3872,3047,6919,209,11082
4100,경기도,안산시제4선거구,5411804,4118,안산시상록구,부곡동,관내사전투표,2418,2416,1339,1040,2379,37,2
4100,경기도,안산시제4선거구,5411804,4118,안산시상록구,부곡동,선거일투표,15792,4712,2533,2007,4540,172,11080
4100,경기도,안산시제4선거구,5411804,4118,안산시상록구,월피동,계,31883,12848,7123,5344,12467,381,19035
4100,경기도,안산시제4선거구,5411804,4118,안산시상록구,월피동,관내사전투표,2989,2988,1689,1243,2932,56,1
4100,경기도,안산시제4선거구,5411804,4118,안산시상록구,월피동,선거일투표,28894,9860,5434,4101,9535,325,19034
4100,경기도,안산시제4선거구,5411804,4118,안산시상록구,안산동,계,7773,3600,1888,1650,3538,62,4173
4100,경기도,안산시제4선거구,5411804,4118,안산시상록구,안산동,관내사전투표,1385,1385,737,614,1351,34,0
4100,경기도,안산시제4선거구,5411804,4118,안산시상록구,안산동,선거일투표,6388,2215,1151,1036,2187,28,4173
4100,경기도,안산시제4선거구,5411804,4118,안산시상록구,잘못 투입·구분된 투표지,,0,8,1,5,6,2,-8
4100,경기도,안산시제5선거구,5411901,4119,안산시단원구,합계,,63333,25581,13791,11276,25067,514,37752
4100,경기도,안산시제5선거구,5411901,4119,안산시단원구,거소투표,,86,80,37,38,75,5,6
4100,경기도,안산시제5선거구,5411901,4119,안산시단원구,관외사전투표,,2899,2897,1605,1225,2830,67,2
4100,경기도,안산시제5선거구,5411901,4119,안산시단원구,와동,계,31817,10814,5932,4604,10536,278,21003
4100,경기도,안산시제5선거구,5411901,4119,안산시단원구,와동,관내사전투표,2953,2951,1651,1239,2890,61,2
4100,경기도,안산시제5선거구,5411901,4119,안산시단원구,와동,선거일투표,28864,7863,4281,3365,7646,217,21001
4100,경기도,안산시제5선거구,5411901,4119,안산시단원구,선부3동,계,28531,11780,6210,5407,11617,163,16751
4100,경기도,안산시제5선거구,5411901,4119,안산시단원구,선부3동,관내사전투표,2656,2652,1394,1230,2624,28,4
4100,경기도,안산시제5선거구,5411901,4119,안산시단원구,선부3동,선거일투표,25875,9128,4816,4177,8993,135,16747
4100,경기도,안산시제5선거구,5411901,4119,안산시단원구,잘못 투입·구분된 투표지,,0,10,7,2,9,1,-10
4100,경기도,안산시제6선거구,5411902,4119,안산시단원구,합계,,77037,33022,16537,15724,32261,761,44015
4100,경기도,안산시제6선거구,5411902,4119,안산시단원구,거소투표,,82,78,36,34,70,8,4
4100,경기도,안산시제6선거구,5411902,4119,안산시단원구,관외사전투표,,2649,2646,1440,1147,2587,59,3
4100,경기도,안산시제6선거구,5411902,4119,안산시단원구,원곡동,계,7961,1864,894,916,1810,54,6097
4100,경기도,안산시제6선거구,5411902,4119,안산시단원구,원곡동,관내사전투표,720,720,373,324,697,23,0
4100,경기도,안산시제6선거구,5411902,4119,안산시단원구,원곡동,선거일투표,7241,1144,521,592,1113,31,6097
4100,경기도,안산시제6선거구,5411902,4119,안산시단원구,백운동,계,18290,8308,4019,4109,8128,180,9982
4100,경기도,안산시제6선거구,5411902,4119,안산시단원구,백운동,관내사전투표,2861,2861,1396,1385,2781,80,0
4100,경기도,안산시제6선거구,5411902,4119,안산시단원구,백운동,선거일투표,15429,5447,2623,2724,5347,100,9982
4100,경기도,안산시제6선거구,5411902,4119,안산시단원구,신길동,계,18741,7970,4099,3688,7787,183,10771
4100,경기도,안산시제6선거구,5411902,4119,안산시단원구,신길동,관내사전투표,2160,2160,1144,980,2124,36,0
4100,경기도,안산시제6선거구,5411902,4119,안산시단원구,신길동,선거일투표,16581,5810,2955,2708,5663,147,10771
4100,경기도,안산시제6선거구,5411902,4119,안산시단원구,선부1동,계,15141,7166,3461,3507,6968,198,7975
4100,경기도,안산시제6선거구,5411902,4119,안산시단원구,선부1동,관내사전투표,2057,2057,1036,967,2003,54,0
4100,경기도,안산시제6선거구,5411902,4119,안산시단원구,선부1동,선거일투표,13084,5109,2425,2540,4965,144,7975
4100,경기도,안산시제6선거구,5411902,4119,안산시단원구,선부2동,계,14173,4986,2587,2320,4907,79,9187
4100,경기도,안산시제6선거구,5411902,4119,안산시단원구,선부2동,관내사전투표,1552,1552,850,669,1519,33,0
4100,경기도,안산시제6선거구,5411902,4119,안산시단원구,선부2동,선거일투표,12621,3434,1737,1651,3388,46,9187
4100,경기도,안산시제6선거구,5411902,4119,안산시단원구,잘못 투입·구분된 투표지,,0,4,1,3,4,0,-4
4100,경기도,안산시제7선거구,5411903,4119,안산시단원구,합계,,59162,28349,14260,13517,27777,572,30813
4100,경기도,안산시제7선거구,5411903,4119,안산시단원구,거소투표,,84,81,41,32,73,8,3
4100,경기도,안산시제7선거구,5411903,4119,안산시단원구,관외사전투표,,3152,3152,1682,1395,3077,75,0
4100,경기도,안산시제7선거구,5411903,4119,안산시단원구,고잔동,계,18214,7661,3940,3565,7505,156,10553
4100,경기도,안산시제7선거구,5411903,4119,안산시단원구,고잔동,관내사전투표,2553,2551,1326,1149,2475,76,2
4100,경기도,안산시제7선거구,5411903,4119,안산시단원구,고잔동,선거일투표,15661,5110,2614,2416,5030,80,10551
4100,경기도,안산시제7선거구,5411903,4119,안산시단원구,초지동,계,37712,17449,8594,8522,17116,333,20263
4100,경기도,안산시제7선거구,5411903,4119,안산시단원구,초지동,관내사전투표,4451,4451,2379,1992,4371,80,0
4100,경기도,안산시제7선거구,5411903,4119,안산시단원구,초지동,선거일투표,33261,12998,6215,6530,12745,253,20263
4100,경기도,안산시제7선거구,5411903,4119,안산시단원구,잘못 투입·구분된 투표지,,0,6,3,3,6,0,-6
4100,경기도,안산시제8선거구,5411904,4119,안산시단원구,합계,,66697,34648,16553,17219,33772,876,32049
4100,경기도,안산시제8선거구,5411904,4119,안산시단원구,거소투표,,194,183,53,111,164,19,11
4100,경기도,안산시제8선거구,5411904,4119,안산시단원구,관외사전투표,,3848,3846,1848,1885,3733,113,2
4100,경기도,안산시제8선거구,5411904,4119,안산시단원구,중앙동,계,20463,8859,4291,4361,8652,207,11604
4100,경기도,안산시제8선거구,5411904,4119,안산시단원구,중앙동,관내사전투표,3310,3310,1645,1609,3254,56,0
4100,경기도,안산시제8선거구,5411904,4119,안산시단원구,중앙동,선거일투표,17153,5549,2646,2752,5398,151,11604
4100,경기도,안산시제8선거구,5411904,4119,안산시단원구,호수동,계,34376,17979,9114,8460,17574,405,16397
4100,경기도,안산시제8선거구,5411904,4119,안산시단원구,호수동,관내사전투표,3950,3949,2113,1744,3857,92,1
4100,경기도,안산시제8선거구,5411904,4119,안산시단원구,호수동,선거일투표,30426,14030,7001,6716,13717,313,16396
4100,경기도,안산시제8선거구,5411904,4119,안산시단원구,대부동,계,7816,3775,1243,2400,3643,132,4041
4100,경기도,안산시제8선거구,5411904,4119,안산시단원구,대부동,관내사전투표,1510,1509,560,899,1459,50,1
4100,경기도,안산시제8선거구,5411904,4119,안산시단원구,대부동,선거일투표,6306,2266,683,1501,2184,82,4040
4100,경기도,안산시제8선거구,5411904,4119,안산시단원구,잘못 투입·구분된 투표지,,0,6,4,2,6,0,-6
4100,경기도,고양시제1선거구,5412001,4120,고양시덕양구,합계,,64870,33630,16995,15850,32845,785,31240
4100,경기도,고양시제1선거구,5412001,4120,고양시덕양구,거소투표,,56,50,24,24,48,2,6
4100,경기도,고양시제1선거구,5412001,4120,고양시덕양구,관외사전투표,,3966,3964,2179,1683,3862,102,2
4100,경기도,고양시제1선거구,5412001,4120,고양시덕양구,주교동,계,11618,4752,2254,2330,4584,168,6866
4100,경기도,고양시제1선거구,5412001,4120,고양시덕양구,주교동,관내사전투표,1738,1737,844,835,1679,58,1
4100,경기도,고양시제1선거구,5412001,4120,고양시덕양구,주교동,선거일투표,9880,3015,1410,1495,2905,110,6865
4100,경기도,고양시제1선거구,5412001,4120,고양시덕양구,흥도동,계,21228,10773,5768,4803,10571,202,10455
4100,경기도,고양시제1선거구,5412001,4120,고양시덕양구,흥도동,관내사전투표,1768,1768,877,853,1730,38,0
4100,경기도,고양시제1선거구,5412001,4120,고양시덕양구,흥도동,선거일투표,19460,9005,4891,3950,8841,164,10455
4100,경기도,고양시제1선거구,5412001,4120,고양시덕양구,성사1동,계,18591,8970,4301,4446,8747,223,9621
4100,경기도,고양시제1선거구,5412001,4120,고양시덕양구,성사1동,관내사전투표,3140,3137,1541,1499,3040,97,3
4100,경기도,고양시제1선거구,5412001,4120,고양시덕양구,성사1동,선거일투표,15451,5833,2760,2947,5707,126,9618
4100,경기도,고양시제1선거구,5412001,4120,고양시덕양구,성사2동,계,9411,5112,2465,2562,5027,85,4299
4100,경기도,고양시제1선거구,5412001,4120,고양시덕양구,성사2동,관내사전투표,1771,1771,897,831,1728,43,0
4100,경기도,고양시제1선거구,5412001,4120,고양시덕양구,성사2동,선거일투표,7640,3341,1568,1731,3299,42,4299
4100,경기도,고양시제1선거구,5412001,4120,고양시덕양구,잘못 투입·구분된 투표지,,0,9,4,2,6,3,-9
4100,경기도,고양시제2선거구,5412002,4120,고양시덕양구,합계,,76520,35572,16815,17704,34519,1053,40948
4100,경기도,고양시제2선거구,5412002,4120,고양시덕양구,거소투표,,158,148,58,56,114,34,10
4100,경기도,고양시제2선거구,5412002,4120,고양시덕양구,관외사전투표,,4248,4242,2247,1881,4128,114,6
4100,경기도,고양시제2선거구,5412002,4120,고양시덕양구,원신동,계,17336,8390,4017,4185,8202,188,8946
4100,경기도,고양시제2선거구,5412002,4120,고양시덕양구,원신동,관내사전투표,1479,1479,707,738,1445,34,0
4100,경기도,고양시제2선거구,5412002,4120,고양시덕양구,원신동,선거일투표,15857,6911,3310,3447,6757,154,8946
4100,경기도,고양시제2선거구,5412002,4120,고양시덕양구,고양동,계,24100,10610,5003,5377,10380,230,13490
4100,경기도,고양시제2선거구,5412002,4120,고양시덕양구,고양동,관내사전투표,4097,4094,1983,2014,3997,97,3
4100,경기도,고양시제2선거구,5412002,4120,고양시덕양구,고양동,선거일투표,20003,6516,3020,3363,6383,133,13487
4100,경기도,고양시제2선거구,5412002,4120,고양시덕양구,관산동,계,30678,12168,5485,6198,11683,485,18510
4100,경기도,고양시제2선거구,5412002,4120,고양시덕양구,관산동,관내사전투표,3205,3203,1532,1577,3109,94,2
4100,경기도,고양시제2선거구,5412002,4120,고양시덕양구,관산동,선거일투표,27473,8965,3953,4621,8574,391,18508
4100,경기도,고양시제2선거구,5412002,4120,고양시덕양구,잘못 투입·구분된 투표지,,0,14,5,7,12,2,-14
4100,경기도,고양시제3선거구,5412003,4120,고양시덕양구,합계,,60246,33780,17109,16070,33179,601,26466
4100,경기도,고양시제3선거구,5412003,4120,고양시덕양구,거소투표,,43,39,21,15,36,3,4
4100,경기도,고양시제3선거구,5412003,4120,고양시덕양구,관외사전투표,,3335,3330,1788,1466,3254,76,5
4100,경기도,고양시제3선거구,5412003,4120,고양시덕양구,화정1동,계,31506,16802,8071,8434,16505,297,14704
4100,경기도,고양시제3선거구,5412003,4120,고양시덕양구,화정1동,관내사전투표,5761,5759,2955,2713,5668,91,2
4100,경기도,고양시제3선거구,5412003,4120,고양시덕양구,화정1동,선거일투표,25745,11043,5116,5721,10837,206,14702
4100,경기도,고양시제3선거구,5412003,4120,고양시덕양구,화정2동,계,25362,13597,7223,6151,13374,223,11765
4100,경기도,고양시제3선거구,5412003,4120,고양시덕양구,화정2동,관내사전투표,3826,3824,2120,1605,3725,99,2
4100,경기도,고양시제3선거구,5412003,4120,고양시덕양구,화정2동,선거일투표,21536,9773,5103,4546,9649,124,11763
4100,경기도,고양시제3선거구,5412003,4120,고양시덕양구,잘못 투입·구분된 투표지,,0,12,6,4,10,2,-12
4100,경기도,고양시제4선거구,5412004,4120,고양시덕양구,합계,,96535,51025,26522,23391,49913,1112,45510
4100,경기도,고양시제4선거구,5412004,4120,고양시덕양구,거소투표,,96,92,42,39,81,11,4
4100,경기도,고양시제4선거구,5412004,4120,고양시덕양구,관외사전투표,,6099,6084,3367,2574,5941,143,15
4100,경기도,고양시제4선거구,5412004,4120,고양시덕양구,효자동,계,12941,6982,3680,3154,6834,148,5959
4100,경기도,고양시제4선거구,5412004,4120,고양시덕양구,효자동,관내사전투표,1966,1966,1116,829,1945,21,0
4100,경기도,고양시제4선거구,5412004,4120,고양시덕양구,효자동,선거일투표,10975,5016,2564,2325,4889,127,5959
4100,경기도,고양시제4선거구,5412004,4120,고양시덕양구,삼송1동,계,16346,8543,4283,3985,8268,275,7803
4100,경기도,고양시제4선거구,5412004,4120,고양시덕양구,삼송1동,관내사전투표,2950,2945,1570,1310,2880,65,5
4100,경기도,고양시제4선거구,5412004,4120,고양시덕양구,삼송1동,선거일투표,13396,5598,2713,2675,5388,210,7798
4100,경기도,고양시제4선거구,5412004,4120,고양시덕양구,삼송2동,계,21966,10322,5233,4886,10119,203,11644
4100,경기도,고양시제4선거구,5412004,4120,고양시덕양구,삼송2동,관내사전투표,2704,2704,1476,1189,2665,39,0
4100,경기도,고양시제4선거구,5412004,4120,고양시덕양구,삼송2동,선거일투표,19262,7618,3757,3697,7454,164,11644
4100,경기도,고양시제4선거구,5412004,4120,고양시덕양구,창릉동,계,18572,8989,4545,4263,8808,181,9583
4100,경기도,고양시제4선거구,5412004,4120,고양시덕양구,창릉동,관내사전투표,2519,2518,1342,1139,2481,37,1
4100,경기도,고양시제4선거구,5412004,4120,고양시덕양구,창릉동,선거일투표,16053,6471,3203,3124,6327,144,9582
4100,경기도,고양시제4선거구,5412004,4120,고양시덕양구,화전동,계,20515,9989,5360,4480,9840,149,10526
4100,경기도,고양시제4선거구,5412004,4120,고양시덕양구,화전동,관내사전투표,1648,1648,851,756,1607,41,0
4100,경기도,고양시제4선거구,5412004,4120,고양시덕양구,화전동,선거일투표,18867,8341,4509,3724,8233,108,10526
4100,경기도,고양시제4선거구,5412004,4120,고양시덕양구,잘못 투입·구분된 투표지,,0,24,12,10,22,2,-24
4100,경기도,고양시제5선거구,5412101,4120,고양시덕양구,합계,,104750,56499,28880,26240,55120,1379,48251
4100,경기도,고양시제5선거구,5412101,4120,고양시덕양구,거소투표,,104,96,39,53,92,4,8
4100,경기도,고양시제5선거구,5412101,4120,고양시덕양구,관외사전투표,,5828,5818,3116,2553,5669,149,10
4100,경기도,고양시제5선거구,5412101,4120,고양시덕양구,행주동,계,15885,6721,2948,3506,6454,267,9164
4100,경기도,고양시제5선거구,5412101,4120,고양시덕양구,행주동,관내사전투표,2193,2190,1009,1101,2110,80,3
4100,경기도,고양시제5선거구,5412101,4120,고양시덕양구,행주동,선거일투표,13692,4531,1939,2405,4344,187,9161
4100,경기도,고양시제5선거구,5412101,4120,고양시덕양구,행신1동,계,17606,9345,4774,4462,9236,109,8261
4100,경기도,고양시제5선거구,5412101,4120,고양시덕양구,행신1동,관내사전투표,2835,2832,1547,1252,2799,33,3
4100,경기도,고양시제5선거구,5412101,4120,고양시덕양구,행신1동,선거일투표,14771,6513,3227,3210,6437,76,8258
4100,경기도,고양시제5선거구,5412101,4120,고양시덕양구,행신2동,계,26405,14173,7262,6556,13818,355,12232
4100,경기도,고양시제5선거구,5412101,4120,고양시덕양구,행신2동,관내사전투표,5040,5039,2711,2206,4917,122,1
4100,경기도,고양시제5선거구,5412101,4120,고양시덕양구,행신2동,선거일투표,21365,9134,4551,4350,8901,233,12231
4100,경기도,고양시제5선거구,5412101,4120,고양시덕양구,행신3동,계,19677,11075,5906,4989,10895,180,8602
4100,경기도,고양시제5선거구,5412101,4120,고양시덕양구,행신3동,관내사전투표,3677,3675,1990,1641,3631,44,2
4100,경기도,고양시제5선거구,5412101,4120,고양시덕양구,행신3동,선거일투표,16000,7400,3916,3348,7264,136,8600
4100,경기도,고양시제5선거구,5412101,4120,고양시덕양구,행신4동,계,16996,8184,4380,3524,7904,280,8812
4100,경기도,고양시제5선거구,5412101,4120,고양시덕양구,행신4동,관내사전투표,2816,2806,1579,1162,2741,65,10
4100,경기도,고양시제5선거구,5412101,4120,고양시덕양구,행신4동,선거일투표,14180,5378,2801,2362,5163,215,8802
4100,경기도,고양시제5선거구,5412101,4120,고양시덕양구,대덕동,계,2249,1056,438,583,1021,35,1193
4100,경기도,고양시제5선거구,5412101,4120,고양시덕양구,대덕동,관내사전투표,436,436,189,235,424,12,0
4100,경기도,고양시제5선거구,5412101,4120,고양시덕양구,대덕동,선거일투표,1813,620,249,348,597,23,1193
4100,경기도,고양시제5선거구,5412101,4120,고양시덕양구,잘못 투입·구분된 투표지,,0,31,17,14,31,0,-31
4100,경기도,고양시제6선거구,5412102,4120,고양시덕양구,합계,,58854,30503,14550,15287,29837,666,28351
4100,경기도,고양시제6선거구,5412102,4120,고양시덕양구,거소투표,,59,55,27,26,53,2,4
4100,경기도,고양시제6선거구,5412102,4120,고양시덕양구,관외사전투표,,3755,3754,1946,1718,3664,90,1
4100,경기도,고양시제6선거구,5412102,4120,고양시덕양구,능곡동,계,12419,6355,2715,3456,6171,184,6064
4100,경기도,고양시제6선거구,5412102,4120,고양시덕양구,능곡동,관내사전투표,2210,2210,959,1181,2140,70,0
4100,경기도,고양시제6선거구,5412102,4120,고양시덕양구,능곡동,선거일투표,10209,4145,1756,2275,4031,114,6064
4100,경기도,고양시제6선거구,5412102,4120,고양시덕양구,백석1동,계,24615,12443,5968,6270,12238,205,12172
4100,경기도,고양시제6선거구,5412102,4120,고양시덕양구,백석1동,관내사전투표,2882,2882,1521,1308,2829,53,0
4100,경기도,고양시제6선거구,5412102,4120,고양시덕양구,백석1동,선거일투표,21733,9561,4447,4962,9409,152,12172
4100,경기도,고양시제6선거구,5412102,4120,고양시덕양구,백석2동,계,18006,7892,3891,3816,7707,185,10114
4100,경기도,고양시제6선거구,5412102,4120,고양시덕양구,백석2동,관내사전투표,2687,2687,1462,1163,2625,62,0
4100,경기도,고양시제6선거구,5412102,4120,고양시덕양구,백석2동,선거일투표,15319,5205,2429,2653,5082,123,10114
4100,경기도,고양시제6선거구,5412102,4120,고양시덕양구,잘못 투입·구분된 투표지,,0,4,3,1,4,0,-4
4100,경기도,고양시제7선거구,5412201,4121,고양시일산동구,합계,,84583,41681,19082,21766,40848,833,42902
4100,경기도,고양시제7선거구,5412201,4121,고양시일산동구,거소투표,,177,172,64,73,137,35,5
4100,경기도,고양시제7선거구,5412201,4121,고양시일산동구,관외사전투표,,5457,5445,2675,2629,5304,141,12
4100,경기도,고양시제7선거구,5412201,4121,고양시일산동구,식사동,계,30309,15144,6368,8529,14897,247,15165
4100,경기도,고양시제7선거구,5412201,4121,고양시일산동구,식사동,관내사전투표,3856,3855,1719,2059,3778,77,1
4100,경기도,고양시제7선거구,5412201,4121,고양시일산동구,식사동,선거일투표,26453,11289,4649,6470,11119,170,15164
4100,경기도,고양시제7선거구,5412201,4121,고양시일산동구,풍산동,계,29935,14213,7186,6767,13953,260,15722
4100,경기도,고양시제7선거구,5412201,4121,고양시일산동구,풍산동,관내사전투표,3499,3498,1856,1592,3448,50,1
4100,경기도,고양시제7선거구,5412201,4121,고양시일산동구,풍산동,선거일투표,26436,10715,5330,5175,10505,210,15721
4100,경기도,고양시제7선거구,5412201,4121,고양시일산동구,고봉동,계,18705,6684,2782,3753,6535,149,12021
4100,경기도,고양시제7선거구,5412201,4121,고양시일산동구,고봉동,관내사전투표,1650,1649,685,932,1617,32,1
4100,경기도,고양시제7선거구,5412201,4121,고양시일산동구,고봉동,선거일투표,17055,5035,2097,2821,4918,117,12020
4100,경기도,고양시제7선거구,5412201,4121,고양시일산동구,잘못 투입·구분된 투표지,,0,23,7,15,22,1,-23
4100,경기도,고양시제8선거구,5412202,4121,고양시일산동구,합계,,76911,39566,19274,19593,38867,699,37345
4100,경기도,고양시제8선거구,5412202,4121,고양시일산동구,거소투표,,108,100,39,47,86,14,8
4100,경기도,고양시제8선거구,5412202,4121,고양시일산동구,관외사전투표,,4173,4167,2191,1883,4074,93,6
4100,경기도,고양시제8선거구,5412202,4121,고양시일산동구,중산1동,계,18108,8813,4085,4599,8684,129,9295
4100,경기도,고양시제8선거구,5412202,4121,고양시일산동구,중산1동,관내사전투표,3277,3274,1536,1677,3213,61,3
4100,경기도,고양시제8선거구,5412202,4121,고양시일산동구,중산1동,선거일투표,14831,5539,2549,2922,5471,68,9292
4100,경기도,고양시제8선거구,5412202,4121,고양시일산동구,중산2동,계,19122,9173,4714,4256,8970,203,9949
4100,경기도,고양시제8선거구,5412202,4121,고양시일산동구,중산2동,관내사전투표,2451,2449,1283,1120,2403,46,2
4100,경기도,고양시제8선거구,5412202,4121,고양시일산동구,중산2동,선거일투표,16671,6724,3431,3136,6567,157,9947
4100,경기도,고양시제8선거구,5412202,4121,고양시일산동구,정발산동,계,19209,9174,4339,4719,9058,116,10035
4100,경기도,고양시제8선거구,5412202,4121,고양시일산동구,정발산동,관내사전투표,2610,2609,1322,1249,2571,38,1
4100,경기도,고양시제8선거구,5412202,4121,고양시일산동구,정발산동,선거일투표,16599,6565,3017,3470,6487,78,10034
4100,경기도,고양시제8선거구,5412202,4121,고양시일산동구,일산2동,계,16191,8129,3903,4084,7987,142,8062
4100,경기도,고양시제8선거구,5412202,4121,고양시일산동구,일산2동,관내사전투표,2776,2775,1390,1327,2717,58,1
4100,경기도,고양시제8선거구,5412202,4121,고양시일산동구,일산2동,선거일투표,13415,5354,2513,2757,5270,84,8061
4100,경기도,고양시제8선거구,5412202,4121,고양시일산동구,잘못 투입·구분된 투표지,,0,10,3,5,8,2,-10
4100,경기도,고양시제9선거구,5412203,4121,고양시일산동구,합계,,67530,35984,15805,19669,35474,510,31546
4100,경기도,고양시제9선거구,5412203,4121,고양시일산동구,거소투표,,76,71,32,32,64,7,5
4100,경기도,고양시제9선거구,5412203,4121,고양시일산동구,관외사전투표,,4068,4065,1945,2027,3972,93,3
4100,경기도,고양시제9선거구,5412203,4121,고양시일산동구,마두1동,계,18241,9959,4648,5211,9859,100,8282
4100,경기도,고양시제9선거구,5412203,4121,고양시일산동구,마두1동,관내사전투표,1939,1938,1042,869,1911,27,1
4100,경기도,고양시제9선거구,5412203,4121,고양시일산동구,마두1동,선거일투표,16302,8021,3606,4342,7948,73,8281
4100,경기도,고양시제9선거구,5412203,4121,고양시일산동구,마두2동,계,13489,8332,3452,4754,8206,126,5157
4100,경기도,고양시제9선거구,5412203,4121,고양시일산동구,마두2동,관내사전투표,3383,3380,1592,1750,3342,38,3
4100,경기도,고양시제9선거구,5412203,4121,고양시일산동구,마두2동,선거일투표,10106,4952,1860,3004,4864,88,5154
4100,경기도,고양시제9선거구,5412203,4121,고양시일산동구,장항1동,계,8437,4362,1639,2674,4313,49,4075
4100,경기도,고양시제9선거구,5412203,4121,고양시일산동구,장항1동,관내사전투표,667,667,282,369,651,16,0
4100,경기도,고양시제9선거구,5412203,4121,고양시일산동구,장항1동,선거일투표,7770,3695,1357,2305,3662,33,4075
4100,경기도,고양시제9선거구,5412203,4121,고양시일산동구,장항2동,계,23219,9182,4086,4963,9049,133,14037
4100,경기도,고양시제9선거구,5412203,4121,고양시일산동구,장항2동,관내사전투표,2935,2935,1361,1536,2897,38,0
4100,경기도,고양시제9선거구,5412203,4121,고양시일산동구,장항2동,선거일투표,20284,6247,2725,3427,6152,95,14037
4100,경기도,고양시제9선거구,5412203,4121,고양시일산동구,잘못 투입·구분된 투표지,,0,13,3,8,11,2,-13
4100,경기도,고양시제10선거구,5412204,4122,고양시일산서구,합계,,65860,33459,17448,15494,32942,517,32401
4100,경기도,고양시제10선거구,5412204,4122,고양시일산서구,거소투표,,142,137,51,54,105,32,5
4100,경기도,고양시제10선거구,5412204,4122,고양시일산서구,관외사전투표,,3297,3295,1763,1468,3231,64,2
4100,경기도,고양시제10선거구,5412204,4122,고양시일산서구,일산1동,계,21847,10350,5184,5059,10243,107,11497
4100,경기도,고양시제10선거구,5412204,4122,고양시일산서구,일산1동,관내사전투표,3596,3591,1824,1718,3542,49,5
4100,경기도,고양시제10선거구,5412204,4122,고양시일산서구,일산1동,선거일투표,18251,6759,3360,3341,6701,58,11492
4100,경기도,고양시제10선거구,5412204,4122,고양시일산서구,탄현1동,계,25369,12311,6476,5634,12110,201,13058
4100,경기도,고양시제10선거구,5412204,4122,고양시일산서구,탄현1동,관내사전투표,3690,3687,2015,1605,3620,67,3
4100,경기도,고양시제10선거구,5412204,4122,고양시일산서구,탄현1동,선거일투표,21679,8624,4461,4029,8490,134,13055
4100,경기도,고양시제10선거구,5412204,4122,고양시일산서구,탄현2동,계,15205,7344,3966,3267,7233,111,7861
4100,경기도,고양시제10선거구,5412204,4122,고양시일산서구,탄현2동,관내사전투표,2559,2555,1454,1074,2528,27,4
4100,경기도,고양시제10선거구,5412204,4122,고양시일산서구,탄현2동,선거일투표,12646,4789,2512,2193,4705,84,7857
4100,경기도,고양시제10선거구,5412204,4122,고양시일산서구,잘못 투입·구분된 투표지,,0,22,8,12,20,2,-22
4100,경기도,고양시제11선거구,5412205,4122,고양시일산서구,합계,,107551,60003,28184,30254,58438,1565,47548
4100,경기도,고양시제11선거구,5412205,4122,고양시일산서구,거소투표,,125,121,54,58,112,9,4
4100,경기도,고양시제11선거구,5412205,4122,고양시일산서구,관외사전투표,,6339,6334,3274,2901,6175,159,5
4100,경기도,고양시제11선거구,5412205,4122,고양시일산서구,일산3동,계,26159,14629,6986,7233,14219,410,11530
4100,경기도,고양시제11선거구,5412205,4122,고양시일산서구,일산3동,관내사전투표,3505,3504,1825,1611,3436,68,1
4100,경기도,고양시제11선거구,5412205,4122,고양시일산서구,일산3동,선거일투표,22654,11125,5161,5622,10783,342,11529
4100,경기도,고양시제11선거구,5412205,4122,고양시일산서구,주엽1동,계,22230,12417,5707,6464,12171,246,9813
4100,경기도,고양시제11선거구,5412205,4122,고양시일산서구,주엽1동,관내사전투표,3360,3359,1678,1608,3286,73,1
4100,경기도,고양시제11선거구,5412205,4122,고양시일산서구,주엽1동,선거일투표,18870,9058,4029,4856,8885,173,9812
4100,경기도,고양시제11선거구,5412205,4122,고양시일산서구,주엽2동,계,22977,12467,5653,6354,12007,460,10510
4100,경기도,고양시제11선거구,5412205,4122,고양시일산서구,주엽2동,관내사전투표,3287,3286,1686,1532,3218,68,1
4100,경기도,고양시제11선거구,5412205,4122,고양시일산서구,주엽2동,선거일투표,19690,9181,3967,4822,8789,392,10509
4100,경기도,고양시제11선거구,5412205,4122,고양시일산서구,대화동,계,29721,14015,6500,7235,13735,280,15706
4100,경기도,고양시제11선거구,5412205,4122,고양시일산서구,대화동,관내사전투표,3053,3051,1555,1436,2991,60,2
4100,경기도,고양시제11선거구,5412205,4122,고양시일산서구,대화동,선거일투표,26668,10964,4945,5799,10744,220,15704
4100,경기도,고양시제11선거구,5412205,4122,고양시일산서구,잘못 투입·구분된 투표지,,0,20,10,9,19,1,-20
4100,경기도,고양시제12선거구,5412206,4122,고양시일산서구,합계,,60480,31551,14290,16268,30558,993,28929
4100,경기도,고양시제12선거구,5412206,4122,고양시일산서구,거소투표,,90,87,34,34,68,19,3
4100,경기도,고양시제12선거구,5412206,4122,고양시일산서구,관외사전투표,,3489,3488,1786,1629,3415,73,1
4100,경기도,고양시제12선거구,5412206,4122,고양시일산서구,송포동,계,17032,9027,4057,4759,8816,211,8005
4100,경기도,고양시제12선거구,5412206,4122,고양시일산서구,송포동,관내사전투표,2797,2797,1331,1423,2754,43,0
4100,경기도,고양시제12선거구,5412206,4122,고양시일산서구,송포동,선거일투표,14235,6230,2726,3336,6062,168,8005
4100,경기도,고양시제12선거구,5412206,4122,고양시일산서구,덕이동,계,24387,10896,4834,5821,10655,241,13491
4100,경기도,고양시제12선거구,5412206,4122,고양시일산서구,덕이동,관내사전투표,2612,2610,1263,1303,2566,44,2
4100,경기도,고양시제12선거구,5412206,4122,고양시일산서구,덕이동,선거일투표,21775,8286,3571,4518,8089,197,13489
4100,경기도,고양시제12선거구,5412206,4122,고양시일산서구,가좌동,계,15482,8041,3575,4019,7594,447,7441
4100,경기도,고양시제12선거구,5412206,4122,고양시일산서구,가좌동,관내사전투표,2855,2852,1333,1468,2801,51,3
4100,경기도,고양시제12선거구,5412206,4122,고양시일산서구,가좌동,선거일투표,12627,5189,2242,2551,4793,396,7438
4100,경기도,고양시제12선거구,5412206,4122,고양시일산서구,잘못 투입·구분된 투표지,,0,12,4,6,10,2,-12
4100,경기도,과천시선거구,5412301,4123,과천시,합계,,65220,42661,17669,24065,41734,927,22559
4100,경기도,과천시선거구,5412301,4123,과천시,거소투표,,82,81,29,50,79,2,1
4100,경기도,과천시선거구,5412301,4123,과천시,관외사전투표,,5291,5287,2323,2811,5134,153,4
4100,경기도,과천시선거구,5412301,4123,과천시,중앙동,계,8784,5879,2109,3636,5745,134,2905
4100,경기도,과천시선거구,5412301,4123,과천시,중앙동,관내사전투표,2194,2194,828,1286,2114,80,0
4100,경기도,과천시선거구,5412301,4123,과천시,중앙동,선거일투표,6590,3685,1281,2350,3631,54,2905
4100,경기도,과천시선거구,5412301,4123,과천시,갈현동,계,13729,8780,3653,4967,8620,160,4949
4100,경기도,과천시선거구,5412301,4123,과천시,갈현동,관내사전투표,2127,2124,952,1137,2089,35,3
4100,경기도,과천시선거구,5412301,4123,과천시,갈현동,선거일투표,11602,6656,2701,3830,6531,125,4946
4100,경기도,과천시선거구,5412301,4123,과천시,별양동,계,12564,7920,3152,4606,7758,162,4644
4100,경기도,과천시선거구,5412301,4123,과천시,별양동,관내사전투표,2224,2223,944,1205,2149,74,1
4100,경기도,과천시선거구,5412301,4123,과천시,별양동,선거일투표,10340,5697,2208,3401,5609,88,4643
4100,경기도,과천시선거구,5412301,4123,과천시,부림동,계,11665,7427,3057,4218,7275,152,4238
4100,경기도,과천시선거구,5412301,4123,과천시,부림동,관내사전투표,2942,2937,1292,1556,2848,89,5
4100,경기도,과천시선거구,5412301,4123,과천시,부림동,선거일투표,8723,4490,1765,2662,4427,63,4233
4100,경기도,과천시선거구,5412301,4123,과천시,과천동,계,7335,3762,1543,2160,3703,59,3573
4100,경기도,과천시선거구,5412301,4123,과천시,과천동,관내사전투표,933,933,397,508,905,28,0
4100,경기도,과천시선거구,5412301,4123,과천시,과천동,선거일투표,6402,2829,1146,1652,2798,31,3573
4100,경기도,과천시선거구,5412301,4123,과천시,문원동,계,5770,3504,1796,1603,3399,105,2266
4100,경기도,과천시선거구,5412301,4123,과천시,문원동,관내사전투표,1227,1225,620,545,1165,60,2
4100,경기도,과천시선거구,5412301,4123,과천시,문원동,선거일투표,4543,2279,1176,1058,2234,45,2264
4100,경기도,과천시선거구,5412301,4123,과천시,잘못 투입·구분된 투표지,,0,21,7,14,21,0,-21
4100,경기도,의왕시제1선거구,5412401,4124,의왕시,합계,,70928,39946,19372,19586,38958,988,30982
4100,경기도,의왕시제1선거구,5412401,4124,의왕시,거소투표,,101,93,38,52,90,3,8
4100,경기도,의왕시제1선거구,5412401,4124,의왕시,관외사전투표,,3973,3971,2085,1791,3876,95,2
4100,경기도,의왕시제1선거구,5412401,4124,의왕시,고천동,계,12187,6961,3212,3607,6819,142,5226
4100,경기도,의왕시제1선거구,5412401,4124,의왕시,고천동,관내사전투표,3108,3106,1453,1567,3020,86,2
4100,경기도,의왕시제1선거구,5412401,4124,의왕시,고천동,선거일투표,9079,3855,1759,2040,3799,56,5224
4100,경기도,의왕시제1선거구,5412401,4124,의왕시,부곡동,계,23767,12231,6033,5865,11898,333,11536
4100,경기도,의왕시제1선거구,5412401,4124,의왕시,부곡동,관내사전투표,3990,3986,1975,1873,3848,138,4
4100,경기도,의왕시제1선거구,5412401,4124,의왕시,부곡동,선거일투표,19777,8245,4058,3992,8050,195,11532
4100,경기도,의왕시제1선거구,5412401,4124,의왕시,오전동,계,30900,16676,7996,8265,16261,415,14224
4100,경기도,의왕시제1선거구,5412401,4124,의왕시,오전동,관내사전투표,4295,4291,2087,2019,4106,185,4
4100,경기도,의왕시제1선거구,5412401,4124,의왕시,오전동,선거일투표,26605,12385,5909,6246,12155,230,14220
4100,경기도,의왕시제1선거구,5412401,4124,의왕시,잘못 투입·구분된 투표지,,0,14,8,6,14,0,-14
4100,경기도,의왕시제2선거구,5412402,4124,의왕시,합계,,68000,40603,19422,20326,39748,855,27397
4100,경기도,의왕시제2선거구,5412402,4124,의왕시,거소투표,,63,62,26,31,57,5,1
4100,경기도,의왕시제2선거구,5412402,4124,의왕시,관외사전투표,,4814,4814,2565,2121,4686,128,0
4100,경기도,의왕시제2선거구,5412402,4124,의왕시,내손1동,계,16368,9143,4237,4787,9024,119,7225
4100,경기도,의왕시제2선거구,5412402,4124,의왕시,내손1동,관내사전투표,2677,2675,1296,1344,2640,35,2
4100,경기도,의왕시제2선거구,5412402,4124,의왕시,내손1동,선거일투표,13691,6468,2941,3443,6384,84,7223
4100,경기도,의왕시제2선거구,5412402,4124,의왕시,내손2동,계,17564,10094,4999,4922,9921,173,7470
4100,경기도,의왕시제2선거구,5412402,4124,의왕시,내손2동,관내사전투표,3313,3312,1611,1642,3253,59,1
4100,경기도,의왕시제2선거구,5412402,4124,의왕시,내손2동,선거일투표,14251,6782,3388,3280,6668,114,7469
4100,경기도,의왕시제2선거구,5412402,4124,의왕시,청계동,계,29191,16478,7593,8457,16050,428,12713
4100,경기도,의왕시제2선거구,5412402,4124,의왕시,청계동,관내사전투표,4037,4031,1910,1991,3901,130,6
4100,경기도,의왕시제2선거구,5412402,4124,의왕시,청계동,선거일투표,25154,12447,5683,6466,12149,298,12707
4100,경기도,의왕시제2선거구,5412402,4124,의왕시,잘못 투입·구분된 투표지,,0,12,2,8,10,2,-12
4100,경기도,구리시제1선거구,5412501,4125,구리시,합계,,90340,48519,22299,25167,47466,1053,41821
4100,경기도,구리시제1선거구,5412501,4125,구리시,거소투표,,104,99,41,53,94,5,5
4100,경기도,구리시제1선거구,5412501,4125,구리시,관외사전투표,,4480,4476,2282,2076,4358,118,4
4100,경기도,구리시제1선거구,5412501,4125,구리시,갈매동,계,22849,11686,5145,6354,11499,187,11163
4100,경기도,구리시제1선거구,5412501,4125,구리시,갈매동,관내사전투표,4003,3995,1858,2100,3958,37,8
4100,경기도,구리시제1선거구,5412501,4125,구리시,갈매동,선거일투표,18846,7691,3287,4254,7541,150,11155
4100,경기도,구리시제1선거구,5412501,4125,구리시,동구동,계,30045,16551,7807,8444,16251,300,13494
4100,경기도,구리시제1선거구,5412501,4125,구리시,동구동,관내사전투표,3677,3677,1806,1756,3562,115,0
4100,경기도,구리시제1선거구,5412501,4125,구리시,동구동,선거일투표,26368,12874,6001,6688,12689,185,13494
4100,경기도,구리시제1선거구,5412501,4125,구리시,인창동,계,18864,9664,4448,4921,9369,295,9200
4100,경기도,구리시제1선거구,5412501,4125,구리시,인창동,관내사전투표,2969,2968,1480,1398,2878,90,1
4100,경기도,구리시제1선거구,5412501,4125,구리시,인창동,선거일투표,15895,6696,2968,3523,6491,205,9199
4100,경기도,구리시제1선거구,5412501,4125,구리시,교문1동,계,13998,6030,2569,3314,5883,147,7968
4100,경기도,구리시제1선거구,5412501,4125,구리시,교문1동,관내사전투표,1531,1530,699,802,1501,29,1
4100,경기도,구리시제1선거구,5412501,4125,구리시,교문1동,선거일투표,12467,4500,1870,2512,4382,118,7967
4100,경기도,구리시제1선거구,5412501,4125,구리시,잘못 투입·구분된 투표지,,0,13,7,5,12,1,-13
4100,경기도,구리시제2선거구,5412502,4125,구리시,합계,,73705,39645,18656,20011,38667,978,34060
4100,경기도,구리시제2선거구,5412502,4125,구리시,거소투표,,99,87,45,36,81,6,12
4100,경기도,구리시제2선거구,5412502,4125,구리시,관외사전투표,,3570,3568,1799,1698,3497,71,2
4100,경기도,구리시제2선거구,5412502,4125,구리시,교문2동,계,16502,9429,4220,4863,9083,346,7073
4100,경기도,구리시제2선거구,5412502,4125,구리시,교문2동,관내사전투표,2367,2366,1092,1217,2309,57,1
4100,경기도,구리시제2선거구,5412502,4125,구리시,교문2동,선거일투표,14135,7063,3128,3646,6774,289,7072
4100,경기도,구리시제2선거구,5412502,4125,구리시,수택1동,계,13828,6521,3066,3316,6382,139,7307
4100,경기도,구리시제2선거구,5412502,4125,구리시,수택1동,관내사전투표,2280,2279,1113,1123,2236,43,1
4100,경기도,구리시제2선거구,5412502,4125,구리시,수택1동,선거일투표,11548,4242,1953,2193,4146,96,7306
4100,경기도,구리시제2선거구,5412502,4125,구리시,수택2동,계,21133,9834,4613,4996,9609,225,11299
4100,경기도,구리시제2선거구,5412502,4125,구리시,수택2동,관내사전투표,2643,2643,1237,1321,2558,85,0
4100,경기도,구리시제2선거구,5412502,4125,구리시,수택2동,선거일투표,18490,7191,3376,3675,7051,140,11299
4100,경기도,구리시제2선거구,5412502,4125,구리시,수택3동,계,18573,10200,4910,5099,10009,191,8373
4100,경기도,구리시제2선거구,5412502,4125,구리시,수택3동,관내사전투표,3802,3801,1882,1845,3727,74,1
4100,경기도,구리시제2선거구,5412502,4125,구리시,수택3동,선거일투표,14771,6399,3028,3254,6282,117,8372
4100,경기도,구리시제2선거구,5412502,4125,구리시,잘못 투입·구분된 투표지,,0,6,3,3,6,0,-6
4100,경기도,남양주시제1선거구,5412601,4126,남양주시,합계,,106863,46921,22122,23320,45442,1479,59942
4100,경기도,남양주시제1선거구,5412601,4126,남양주시,거소투표,,179,166,52,72,124,42,13
4100,경기도,남양주시제1선거구,5412601,4126,남양주시,관외사전투표,,4843,4833,2381,2287,4668,165,10
4100,경기도,남양주시제1선거구,5412601,4126,남양주시,화도읍,계,93720,37609,18097,18444,36541,1068,56111
4100,경기도,남양주시제1선거구,5412601,4126,남양주시,화도읍,관내사전투표,8954,8950,4646,4065,8711,239,4
4100,경기도,남양주시제1선거구,5412601,4126,남양주시,화도읍,선거일투표,84766,28659,13451,14379,27830,829,56107
4100,경기도,남양주시제1선거구,5412601,4126,남양주시,수동면,계,8121,4287,1584,2501,4085,202,3834
4100,경기도,남양주시제1선거구,5412601,4126,남양주시,수동면,관내사전투표,2091,2091,795,1116,1911,180,0
4100,경기도,남양주시제1선거구,5412601,4126,남양주시,수동면,선거일투표,6030,2196,789,1385,2174,22,3834
4100,경기도,남양주시제1선거구,5412601,4126,남양주시,잘못 투입·구분된 투표지,,0,26,8,16,24,2,-26
4100,경기도,남양주시제2선거구,5412602,4126,남양주시,합계,,75314,37696,18521,18134,36655,1041,37618
4100,경기도,남양주시제2선거구,5412602,4126,남양주시,거소투표,,107,103,36,62,98,5,4
4100,경기도,남양주시제2선거구,5412602,4126,남양주시,관외사전투표,,3561,3560,1839,1645,3484,76,1
4100,경기도,남양주시제2선거구,5412602,4126,남양주시,호평동,계,43522,20469,10001,9750,19751,718,23053
4100,경기도,남양주시제2선거구,5412602,4126,남양주시,호평동,관내사전투표,6149,6146,3131,2894,6025,121,3
4100,경기도,남양주시제2선거구,5412602,4126,남양주시,호평동,선거일투표,37373,14323,6870,6856,13726,597,23050
4100,경기도,남양주시제2선거구,5412602,4126,남양주시,평내동,계,28124,13550,6638,6671,13309,241,14574
4100,경기도,남양주시제2선거구,5412602,4126,남양주시,평내동,관내사전투표,3726,3726,1916,1737,3653,73,0
4100,경기도,남양주시제2선거구,5412602,4126,남양주시,평내동,선거일투표,24398,9824,4722,4934,9656,168,14574
4100,경기도,남양주시제2선거구,5412602,4126,남양주시,잘못 투입·구분된 투표지,,0,14,7,6,13,1,-14
4100,경기도,남양주시제3선거구,5412603,4126,남양주시,합계,,79242,34923,17232,16909,34141,782,44319
4100,경기도,남양주시제3선거구,5412603,4126,남양주시,거소투표,,156,147,54,74,128,19,9
4100,경기도,남양주시제3선거구,5412603,4126,남양주시,관외사전투표,,3926,3923,1944,1873,3817,106,3
4100,경기도,남양주시제3선거구,5412603,4126,남양주시,진접읍,계,75160,30846,15233,14957,30190,656,44314
4100,경기도,남양주시제3선거구,5412603,4126,남양주시,진접읍,관내사전투표,7380,7378,3838,3312,7150,228,2
4100,경기도,남양주시제3선거구,5412603,4126,남양주시,진접읍,선거일투표,67780,23468,11395,11645,23040,428,44312
4100,경기도,남양주시제3선거구,5412603,4126,남양주시,잘못 투입·구분된 투표지,,0,7,1,5,6,1,-7
4100,경기도,남양주시제4선거구,5412604,4126,남양주시,합계,,44613,19661,9894,8264,918,19076,585,24952
4100,경기도,남양주시제4선거구,5412604,4126,남양주시,거소투표,,76,73,32,29,5,66,7,3
4100,경기도,남양주시제4선거구,5412604,4126,남양주시,관외사전투표,,1979,1977,1037,788,95,1920,57,2
4100,경기도,남양주시제4선거구,5412604,4126,남양주시,오남읍,계,42558,17600,8818,7445,816,17079,521,24958
4100,경기도,남양주시제4선거구,5412604,4126,남양주시,오남읍,관내사전투표,5351,5350,2822,2189,232,5243,107,1
4100,경기도,남양주시제4선거구,5412604,4126,남양주시,오남읍,선거일투표,37207,12250,5996,5256,584,11836,414,24957
4100,경기도,남양주시제4선거구,5412604,4126,남양주시,잘못 투입·구분된 투표지,,0,11,7,2,2,11,0,-11
4100,경기도,남양주시제5선거구,5412605,4126,남양주시,합계,,82073,41163,20515,19971,40486,677,40910
4100,경기도,남양주시제5선거구,5412605,4126,남양주시,거소투표,,97,95,37,50,87,8,2
4100,경기도,남양주시제5선거구,5412605,4126,남양주시,관외사전투표,,4267,4265,2307,1862,4169,96,2
4100,경기도,남양주시제5선거구,5412605,4126,남양주시,별내면,계,16228,8172,4060,3999,8059,113,8056
4100,경기도,남양주시제5선거구,5412605,4126,남양주시,별내면,관내사전투표,2661,2661,1407,1216,2623,38,0
4100,경기도,남양주시제5선거구,5412605,4126,남양주시,별내면,선거일투표,13567,5511,2653,2783,5436,75,8056
4100,경기도,남양주시제5선거구,5412605,4126,남양주시,별내동,계,61481,28616,14101,14055,28156,460,32865
4100,경기도,남양주시제5선거구,5412605,4126,남양주시,별내동,관내사전투표,7126,7125,3574,3390,6964,161,1
4100,경기도,남양주시제5선거구,5412605,4126,남양주시,별내동,선거일투표,54355,21491,10527,10665,21192,299,32864
4100,경기도,남양주시제5선거구,5412605,4126,남양주시,잘못 투입·구분된 투표지,,0,15,10,5,15,0,-15
4100,경기도,남양주시제6선거구,5412606,4126,남양주시,합계,,105023,55755,27613,27149,54762,993,49268
4100,경기도,남양주시제6선거구,5412606,4126,남양주시,거소투표,,91,87,38,38,76,11,4
4100,경기도,남양주시제6선거구,5412606,4126,남양주시,관외사전투표,,6040,6038,3066,2811,5877,161,2
4100,경기도,남양주시제6선거구,5412606,4126,남양주시,양정동,계,3497,1721,588,1095,1683,38,1776
4100,경기도,남양주시제6선거구,5412606,4126,남양주시,양정동,관내사전투표,724,724,270,433,703,21,0
4100,경기도,남양주시제6선거구,5412606,4126,남양주시,양정동,선거일투표,2773,997,318,662,980,17,1776
4100,경기도,남양주시제6선거구,5412606,4126,남양주시,다산1동,계,68745,33976,16963,16532,33495,481,34769
4100,경기도,남양주시제6선거구,5412606,4126,남양주시,다산1동,관내사전투표,7004,6999,3651,3210,6861,138,5
4100,경기도,남양주시제6선거구,5412606,4126,남양주시,다산1동,선거일투표,61741,26977,13312,13322,26634,343,34764
4100,경기도,남양주시제6선거구,5412606,4126,남양주시,다산2동,계,26650,13913,6948,6667,13615,298,12737
4100,경기도,남양주시제6선거구,5412606,4126,남양주시,다산2동,관내사전투표,4010,4009,2027,1898,3925,84,1
4100,경기도,남양주시제6선거구,5412606,4126,남양주시,다산2동,선거일투표,22640,9904,4921,4769,9690,214,12736
4100,경기도,남양주시제6선거구,5412606,4126,남양주시,잘못 투입·구분된 투표지,,0,20,10,6,16,4,-20
4100,경기도,남양주시제7선거구,5412607,4126,남양주시,합계,,117132,63098,28304,33085,61389,1709,54034
4100,경기도,남양주시제7선거구,5412607,4126,남양주시,거소투표,,149,137,51,61,112,25,12
4100,경기도,남양주시제7선거구,5412607,4126,남양주시,관외사전투표,,5719,5707,2799,2735,5534,173,12
4100,경기도,남양주시제7선거구,5412607,4126,남양주시,와부읍,계,47997,26622,12343,13530,25873,749,21375
4100,경기도,남양주시제7선거구,5412607,4126,남양주시,와부읍,관내사전투표,6426,6418,3167,3010,6177,241,8
4100,경기도,남양주시제7선거구,5412607,4126,남양주시,와부읍,선거일투표,41571,20204,9176,10520,19696,508,21367
4100,경기도,남양주시제7선거구,5412607,4126,남양주시,진건읍,계,19801,9255,3808,5181,8989,266,10546
4100,경기도,남양주시제7선거구,5412607,4126,남양주시,진건읍,관내사전투표,2936,2936,1330,1488,2818,118,0
4100,경기도,남양주시제7선거구,5412607,4126,남양주시,진건읍,선거일투표,16865,6319,2478,3693,6171,148,10546
4100,경기도,남양주시제7선거구,5412607,4126,남양주시,퇴계원읍,계,24116,11986,5563,6173,11736,250,12130
4100,경기도,남양주시제7선거구,5412607,4126,남양주시,퇴계원읍,관내사전투표,3822,3819,1762,1957,3719,100,3
4100,경기도,남양주시제7선거구,5412607,4126,남양주시,퇴계원읍,선거일투표,20294,8167,3801,4216,8017,150,12127
4100,경기도,남양주시제7선거구,5412607,4126,남양주시,조안면,계,3309,1825,609,1123,1732,93,1484
4100,경기도,남양주시제7선거구,5412607,4126,남양주시,조안면,관내사전투표,634,634,222,388,610,24,0
4100,경기도,남양주시제7선거구,5412607,4126,남양주시,조안면,선거일투표,2675,1191,387,735,1122,69,1484
4100,경기도,남양주시제7선거구,5412607,4126,남양주시,금곡동,계,16041,7536,3115,4269,7384,152,8505
4100,경기도,남양주시제7선거구,5412607,4126,남양주시,금곡동,관내사전투표,2014,2013,889,1073,1962,51,1
4100,경기도,남양주시제7선거구,5412607,4126,남양주시,금곡동,선거일투표,14027,5523,2226,3196,5422,101,8504
4100,경기도,남양주시제7선거구,5412607,4126,남양주시,잘못 투입·구분된 투표지,,0,30,16,13,29,1,-30
4100,경기도,오산시제1선거구,5412701,4127,오산시,합계,,103264,48126,25101,22208,47309,817,55138
4100,경기도,오산시제1선거구,5412701,4127,오산시,거소투표,,101,98,52,43,95,3,3
4100,경기도,오산시제1선거구,5412701,4127,오산시,관외사전투표,,4793,4792,2493,2200,4693,99,1
4100,경기도,오산시제1선거구,5412701,4127,오산시,중앙동,계,28093,13010,6744,6058,12802,208,15083
4100,경기도,오산시제1선거구,5412701,4127,오산시,중앙동,관내사전투표,4150,4147,2104,1956,4060,87,3
4100,경기도,오산시제1선거구,5412701,4127,오산시,중앙동,선거일투표,23943,8863,4640,4102,8742,121,15080
4100,경기도,오산시제1선거구,5412701,4127,오산시,신장동,계,45667,18839,9938,8565,18503,336,26828
4100,경기도,오산시제1선거구,5412701,4127,오산시,신장동,관내사전투표,4004,4000,2243,1674,3917,83,4
4100,경기도,오산시제1선거구,5412701,4127,오산시,신장동,선거일투표,41663,14839,7695,6891,14586,253,26824
4100,경기도,오산시제1선거구,5412701,4127,오산시,세마동,계,24610,11376,5871,5335,11206,170,13234
4100,경기도,오산시제1선거구,5412701,4127,오산시,세마동,관내사전투표,3201,3199,1567,1548,3115,84,2
4100,경기도,오산시제1선거구,5412701,4127,오산시,세마동,선거일투표,21409,8177,4304,3787,8091,86,13232
4100,경기도,오산시제1선거구,5412701,4127,오산시,잘못 투입·구분된 투표지,,0,11,3,7,10,1,-11
4100,경기도,오산시제2선거구,5412702,4127,오산시,합계,,87111,35072,17157,17058,34215,857,52039
4100,경기도,오산시제2선거구,5412702,4127,오산시,거소투표,,107,103,49,42,91,12,4
4100,경기도,오산시제2선거구,5412702,4127,오산시,관외사전투표,,3732,3725,1931,1686,3617,108,7
4100,경기도,오산시제2선거구,5412702,4127,오산시,대원동,계,51044,20788,10282,10015,20297,491,30256
4100,경기도,오산시제2선거구,5412702,4127,오산시,대원동,관내사전투표,5054,5047,2615,2340,4955,92,7
4100,경기도,오산시제2선거구,5412702,4127,오산시,대원동,선거일투표,45990,15741,7667,7675,15342,399,30249
4100,경기도,오산시제2선거구,5412702,4127,오산시,남촌동,계,18836,4883,2223,2544,4767,116,13953
4100,경기도,오산시제2선거구,5412702,4127,오산시,남촌동,관내사전투표,1368,1368,690,641,1331,37,0
4100,경기도,오산시제2선거구,5412702,4127,오산시,남촌동,선거일투표,17468,3515,1533,1903,3436,79,13953
4100,경기도,오산시제2선거구,5412702,4127,오산시,초평동,계,13392,5569,2671,2768,5439,130,7823
4100,경기도,오산시제2선거구,5412702,4127,오산시,초평동,관내사전투표,2207,2207,1046,1071,2117,90,0
4100,경기도,오산시제2선거구,5412702,4127,오산시,초평동,선거일투표,11185,3362,1625,1697,3322,40,7823
4100,경기도,오산시제2선거구,5412702,4127,오산시,잘못 투입·구분된 투표지,,0,4,1,3,4,0,-4
4100,경기도,화성시제1선거구,5412801,4128,화성시,합계,,100088,42068,21187,19914,41101,967,58020
4100,경기도,화성시제1선거구,5412801,4128,화성시,거소투표,,103,99,39,48,87,12,4
4100,경기도,화성시제1선거구,5412801,4128,화성시,관외사전투표,,6064,6035,2833,3016,5849,186,29
4100,경기도,화성시제1선거구,5412801,4128,화성시,봉담읍,계,5332,2246,835,1352,2187,59,3086
4100,경기도,화성시제1선거구,5412801,4128,화성시,봉담읍,관내사전투표,514,495,193,274,467,28,19
4100,경기도,화성시제1선거구,5412801,4128,화성시,봉담읍,선거일투표,4818,1751,642,1078,1720,31,3067
4100,경기도,화성시제1선거구,5412801,4128,화성시,향남읍,계,66471,24442,14090,9881,23971,471,42029
4100,경기도,화성시제1선거구,5412801,4128,화성시,향남읍,관내사전투표,6129,6094,3748,2224,5972,122,35
4100,경기도,화성시제1선거구,5412801,4128,화성시,향남읍,선거일투표,60342,18348,10342,7657,17999,349,41994
4100,경기도,화성시제1선거구,5412801,4128,화성시,팔탄면,계,8843,3572,1384,2108,3492,80,5271
4100,경기도,화성시제1선거구,5412801,4128,화성시,팔탄면,관내사전투표,1355,1350,546,748,1294,56,5
4100,경기도,화성시제1선거구,5412801,4128,화성시,팔탄면,선거일투표,7488,2222,838,1360,2198,24,5266
4100,경기도,화성시제1선거구,5412801,4128,화성시,양감면,계,3560,1573,555,964,1519,54,1987
4100,경기도,화성시제1선거구,5412801,4128,화성시,양감면,관내사전투표,499,496,179,271,450,46,3
4100,경기도,화성시제1선거구,5412801,4128,화성시,양감면,선거일투표,3061,1077,376,693,1069,8,1984
4100,경기도,화성시제1선거구,5412801,4128,화성시,정남면,계,9715,3998,1399,2499,3898,100,5717
4100,경기도,화성시제1선거구,5412801,4128,화성시,정남면,관내사전투표,1162,1157,393,728,1121,36,5
4100,경기도,화성시제1선거구,5412801,4128,화성시,정남면,선거일투표,8553,2841,1006,1771,2777,64,5712
4100,경기도,화성시제1선거구,5412801,4128,화성시,잘못 투입·구분된 투표지,,0,103,52,46,98,5,-103
4100,경기도,화성시제2선거구,5412802,4128,화성시,합계,,116730,53873,25462,27092,52554,1319,62857
4100,경기도,화성시제2선거구,5412802,4128,화성시,거소투표,,112,105,49,44,93,12,7
4100,경기도,화성시제2선거구,5412802,4128,화성시,관외사전투표,,6042,6017,2713,3132,5845,172,25
4100,경기도,화성시제2선거구,5412802,4128,화성시,우정읍,계,14946,6805,3091,3494,6585,220,8141
4100,경기도,화성시제2선거구,5412802,4128,화성시,우정읍,관내사전투표,2680,2675,1310,1271,2581,94,5
4100,경기도,화성시제2선거구,5412802,4128,화성시,우정읍,선거일투표,12266,4130,1781,2223,4004,126,8136
4100,경기도,화성시제2선거구,5412802,4128,화성시,남양읍,계,34591,13799,7371,6091,13462,337,20792
4100,경기도,화성시제2선거구,5412802,4128,화성시,남양읍,관내사전투표,4955,4951,2678,2115,4793,158,4
4100,경기도,화성시제2선거구,5412802,4128,화성시,남양읍,선거일투표,29636,8848,4693,3976,8669,179,20788
4100,경기도,화성시제2선거구,5412802,4128,화성시,매송면,계,6017,2895,1164,1638,2802,93,3122
4100,경기도,화성시제2선거구,5412802,4128,화성시,매송면,관내사전투표,939,934,362,522,884,50,5
4100,경기도,화성시제2선거구,5412802,4128,화성시,매송면,선거일투표,5078,1961,802,1116,1918,43,3117
4100,경기도,화성시제2선거구,5412802,4128,화성시,비봉면,계,5867,2815,1068,1673,2741,74,3052
4100,경기도,화성시제2선거구,5412802,4128,화성시,비봉면,관내사전투표,1110,1107,459,604,1063,44,3
4100,경기도,화성시제2선거구,5412802,4128,화성시,비봉면,선거일투표,4757,1708,609,1069,1678,30,3049
4100,경기도,화성시제2선거구,5412802,4128,화성시,마도면,계,6490,2816,1159,1607,2766,50,3674
4100,경기도,화성시제2선거구,5412802,4128,화성시,마도면,관내사전투표,1243,1229,547,654,1201,28,14
4100,경기도,화성시제2선거구,5412802,4128,화성시,마도면,선거일투표,5247,1587,612,953,1565,22,3660
4100,경기도,화성시제2선거구,5412802,4128,화성시,송산면,계,9681,4179,1539,2540,4079,100,5502
4100,경기도,화성시제2선거구,5412802,4128,화성시,송산면,관내사전투표,1723,1718,691,964,1655,63,5
4100,경기도,화성시제2선거구,5412802,4128,화성시,송산면,선거일투표,7958,2461,848,1576,2424,37,5497
4100,경기도,화성시제2선거구,5412802,4128,화성시,서신면,계,6518,2906,1046,1810,2856,50,3612
4100,경기도,화성시제2선거구,5412802,4128,화성시,서신면,관내사전투표,1123,1114,462,630,1092,22,9
4100,경기도,화성시제2선거구,5412802,4128,화성시,서신면,선거일투표,5395,1792,584,1180,1764,28,3603
4100,경기도,화성시제2선거구,5412802,4128,화성시,장안면,계,8764,3508,1432,1982,3414,94,5256
4100,경기도,화성시제2선거구,5412802,4128,화성시,장안면,관내사전투표,1044,1039,470,530,1000,39,5
4100,경기도,화성시제2선거구,5412802,4128,화성시,장안면,선거일투표,7720,2469,962,1452,2414,55,5251
4100,경기도,화성시제2선거구,5412802,4128,화성시,새솔동,계,17702,7943,4800,3040,7840,103,9759
4100,경기도,화성시제2선거구,5412802,4128,화성시,새솔동,관내사전투표,2589,2580,1582,948,2530,50,9
4100,경기도,화성시제2선거구,5412802,4128,화성시,새솔동,선거일투표,15113,5363,3218,2092,5310,53,9750
4100,경기도,화성시제2선거구,5412802,4128,화성시,잘못 투입·구분된 투표지,,0,85,30,41,71,14,-85
4100,경기도,화성시제3선거구,5412803,4128,화성시,합계,,65698,34492,18493,15560,34053,439,31206
4100,경기도,화성시제3선거구,5412803,4128,화성시,거소투표,,63,61,25,29,54,7,2
4100,경기도,화성시제3선거구,5412803,4128,화성시,관외사전투표,,3646,3633,1866,1689,3555,78,13
4100,경기도,화성시제3선거구,5412803,4128,화성시,동탄1동,계,36898,17471,9068,8223,17291,180,19427
4100,경기도,화성시제3선거구,5412803,4128,화성시,동탄1동,관내사전투표,4619,4613,2521,2041,4562,51,6
4100,경기도,화성시제3선거구,5412803,4128,화성시,동탄1동,선거일투표,32279,12858,6547,6182,12729,129,19421
4100,경기도,화성시제3선거구,5412803,4128,화성시,동탄2동,계,25091,13289,7518,5602,13120,169,11802
4100,경기도,화성시제3선거구,5412803,4128,화성시,동탄2동,관내사전투표,4211,4194,2500,1643,4143,51,17
4100,경기도,화성시제3선거구,5412803,4128,화성시,동탄2동,선거일투표,20880,9095,5018,3959,8977,118,11785
4100,경기도,화성시제3선거구,5412803,4128,화성시,잘못 투입·구분된 투표지,,0,38,16,17,33,5,-38
4100,경기도,화성시제4선거구,5412804,4128,화성시,합계,,103757,52787,27229,24801,52030,757,50970
4100,경기도,화성시제4선거구,5412804,4128,화성시,거소투표,,81,77,25,33,58,19,4
4100,경기도,화성시제4선거구,5412804,4128,화성시,관외사전투표,,5783,5738,2741,2859,5600,138,45
4100,경기도,화성시제4선거구,5412804,4128,화성시,동탄4동,계,35257,19385,10222,8918,19140,245,15872
4100,경기도,화성시제4선거구,5412804,4128,화성시,동탄4동,관내사전투표,5521,5506,2934,2493,5427,79,15
4100,경기도,화성시제4선거구,5412804,4128,화성시,동탄4동,선거일투표,29736,13879,7288,6425,13713,166,15857
4100,경기도,화성시제4선거구,5412804,4128,화성시,동탄5동,계,33968,15573,8210,7168,15378,195,18395
4100,경기도,화성시제4선거구,5412804,4128,화성시,동탄5동,관내사전투표,4239,4212,2337,1805,4142,70,27
4100,경기도,화성시제4선거구,5412804,4128,화성시,동탄5동,선거일투표,29729,11361,5873,5363,11236,125,18368
4100,경기도,화성시제4선거구,5412804,4128,화성시,동탄6동,계,28668,11910,5983,5775,11758,152,16758
4100,경기도,화성시제4선거구,5412804,4128,화성시,동탄6동,관내사전투표,3195,3184,1699,1458,3157,27,11
4100,경기도,화성시제4선거구,5412804,4128,화성시,동탄6동,선거일투표,25473,8726,4284,4317,8601,125,16747
4100,경기도,화성시제4선거구,5412804,4128,화성시,잘못 투입·구분된 투표지,,0,104,48,48,96,8,-104
4100,경기도,화성시제5선거구,5412805,4128,화성시,합계,,88026,43095,23921,18560,42481,614,44931
4100,경기도,화성시제5선거구,5412805,4128,화성시,거소투표,,72,69,45,16,61,8,3
4100,경기도,화성시제5선거구,5412805,4128,화성시,관외사전투표,,5454,5447,2870,2451,5321,126,7
4100,경기도,화성시제5선거구,5412805,4128,화성시,동탄7동,계,59425,26758,14789,11648,26437,321,32667
4100,경기도,화성시제5선거구,5412805,4128,화성시,동탄7동,관내사전투표,6453,6432,3554,2795,6349,83,21
4100,경기도,화성시제5선거구,5412805,4128,화성시,동탄7동,선거일투표,52972,20326,11235,8853,20088,238,32646
4100,경기도,화성시제5선거구,5412805,4128,화성시,동탄8동,계,23075,10773,6190,4427,10617,156,12302
4100,경기도,화성시제5선거구,5412805,4128,화성시,동탄8동,관내사전투표,3325,3310,1943,1310,3253,57,15
4100,경기도,화성시제5선거구,5412805,4128,화성시,동탄8동,선거일투표,19750,7463,4247,3117,7364,99,12287
4100,경기도,화성시제5선거구,5412805,4128,화성시,잘못 투입·구분된 투표지,,0,48,27,18,45,3,-48
4100,경기도,화성시제6선거구,5412806,4128,화성시,합계,,94759,43677,23168,19540,42708,969,51082
4100,경기도,화성시제6선거구,5412806,4128,화성시,거소투표,,96,93,43,43,86,7,3
4100,경기도,화성시제6선거구,5412806,4128,화성시,관외사전투표,,5009,4986,2639,2186,4825,161,23
4100,경기도,화성시제6선거구,5412806,4128,화성시,봉담읍,계,59946,25647,14036,11073,25109,538,34299
4100,경기도,화성시제6선거구,5412806,4128,화성시,봉담읍,관내사전투표,6930,6899,3814,2869,6683,216,31
4100,경기도,화성시제6선거구,5412806,4128,화성시,봉담읍,선거일투표,53016,18748,10222,8204,18426,322,34268
4100,경기도,화성시제6선거구,5412806,4128,화성시,기배동,계,10900,4864,2519,2251,4770,94,6036
4100,경기도,화성시제6선거구,5412806,4128,화성시,기배동,관내사전투표,1712,1702,892,772,1664,38,10
4100,경기도,화성시제6선거구,5412806,4128,화성시,기배동,선거일투표,9188,3162,1627,1479,3106,56,6026
4100,경기도,화성시제6선거구,5412806,4128,화성시,화산동,계,18808,8005,3888,3956,7844,161,10803
4100,경기도,화성시제6선거구,5412806,4128,화성시,화산동,관내사전투표,2967,2953,1417,1439,2856,97,14
4100,경기도,화성시제6선거구,5412806,4128,화성시,화산동,선거일투표,15841,5052,2471,2517,4988,64,10789
4100,경기도,화성시제6선거구,5412806,4128,화성시,잘못 투입·구분된 투표지,,0,82,43,31,74,8,-82
4100,경기도,화성시제7선거구,5412807,4128,화성시,합계,,85587,38755,20442,17697,38139,616,46832
4100,경기도,화성시제7선거구,5412807,4128,화성시,거소투표,,92,87,44,37,81,6,5
4100,경기도,화성시제7선거구,5412807,4128,화성시,관외사전투표,,4596,4578,2424,2037,4461,117,18
4100,경기도,화성시제7선거구,5412807,4128,화성시,진안동,계,33997,12711,6530,6008,12538,173,21286
4100,경기도,화성시제7선거구,5412807,4128,화성시,진안동,관내사전투표,2578,2570,1276,1237,2513,57,8
4100,경기도,화성시제7선거구,5412807,4128,화성시,진안동,선거일투표,31419,10141,5254,4771,10025,116,21278
4100,경기도,화성시제7선거구,5412807,4128,화성시,병점1동,계,28771,12809,6664,5931,12595,214,15962
4100,경기도,화성시제7선거구,5412807,4128,화성시,병점1동,관내사전투표,4060,4056,2183,1782,3965,91,4
4100,경기도,화성시제7선거구,5412807,4128,화성시,병점1동,선거일투표,24711,8753,4481,4149,8630,123,15958
4100,경기도,화성시제7선거구,5412807,4128,화성시,병점2동,계,18131,8529,4760,3665,8425,104,9602
4100,경기도,화성시제7선거구,5412807,4128,화성시,병점2동,관내사전투표,3108,3100,1766,1282,3048,52,8
4100,경기도,화성시제7선거구,5412807,4128,화성시,병점2동,선거일투표,15023,5429,2994,2383,5377,52,9594
4100,경기도,화성시제7선거구,5412807,4128,화성시,잘못 투입·구분된 투표지,,0,41,20,19,39,2,-41
4100,경기도,화성시제8선거구,5412808,4128,화성시,합계,,56584,27920,15705,11807,27512,408,28664
4100,경기도,화성시제8선거구,5412808,4128,화성시,거소투표,,43,41,21,13,34,7,2
4100,경기도,화성시제8선거구,5412808,4128,화성시,관외사전투표,,3406,3400,1845,1475,3320,80,6
4100,경기도,화성시제8선거구,5412808,4128,화성시,반월동,계,22776,10848,5768,4937,10705,143,11928
4100,경기도,화성시제8선거구,5412808,4128,화성시,반월동,관내사전투표,2972,2969,1542,1357,2899,70,3
4100,경기도,화성시제8선거구,5412808,4128,화성시,반월동,선거일투표,19804,7879,4226,3580,7806,73,11925
4100,경기도,화성시제8선거구,5412808,4128,화성시,동탄3동,계,30359,13610,8060,5376,13436,174,16749
4100,경기도,화성시제8선거구,5412808,4128,화성시,동탄3동,관내사전투표,3977,3966,2453,1448,3901,65,11
4100,경기도,화성시제8선거구,5412808,4128,화성시,동탄3동,선거일투표,26382,9644,5607,3928,9535,109,16738
4100,경기도,화성시제8선거구,5412808,4128,화성시,잘못 투입·구분된 투표지,,0,21,11,6,17,4,-21
4100,경기도,시흥시제1선거구,5412901,4129,시흥시,합계,,115271,56339,30531,24419,54950,1389,58932
4100,경기도,시흥시제1선거구,5412901,4129,시흥시,거소투표,,124,120,52,55,107,13,4
4100,경기도,시흥시제1선거구,5412901,4129,시흥시,관외사전투표,,5196,5195,2958,2112,5070,125,1
4100,경기도,시흥시제1선거구,5412901,4129,시흥시,대야동,계,37027,17882,9278,8019,17297,585,19145
4100,경기도,시흥시제1선거구,5412901,4129,시흥시,대야동,관내사전투표,4883,4865,2607,2066,4673,192,18
4100,경기도,시흥시제1선거구,5412901,4129,시흥시,대야동,선거일투표,32144,13017,6671,5953,12624,393,19127
4100,경기도,시흥시제1선거구,5412901,4129,시흥시,신천동,계,30640,12320,6221,5853,12074,246,18320
4100,경기도,시흥시제1선거구,5412901,4129,시흥시,신천동,관내사전투표,3250,3247,1719,1450,3169,78,3
4100,경기도,시흥시제1선거구,5412901,4129,시흥시,신천동,선거일투표,27390,9073,4502,4403,8905,168,18317
4100,경기도,시흥시제1선거구,5412901,4129,시흥시,은행동,계,42284,20786,11999,8370,20369,417,21498
4100,경기도,시흥시제1선거구,5412901,4129,시흥시,은행동,관내사전투표,5527,5514,3226,2180,5406,108,13
4100,경기도,시흥시제1선거구,5412901,4129,시흥시,은행동,선거일투표,36757,15272,8773,6190,14963,309,21485
4100,경기도,시흥시제1선거구,5412901,4129,시흥시,잘못 투입·구분된 투표지,,0,36,23,10,33,3,-36
4100,경기도,시흥시제2선거구,5412902,4129,시흥시,합계,,66708,33492,17257,15579,32836,656,33216
4100,경기도,시흥시제2선거구,5412902,4129,시흥시,거소투표,,82,77,39,31,70,7,5
4100,경기도,시흥시제2선거구,5412902,4129,시흥시,관외사전투표,,3511,3508,1865,1574,3439,69,3
4100,경기도,시흥시제2선거구,5412902,4129,시흥시,매화동,계,10167,4485,2225,2183,4408,77,5682
4100,경기도,시흥시제2선거구,5412902,4129,시흥시,매화동,관내사전투표,1722,1717,881,788,1669,48,5
4100,경기도,시흥시제2선거구,5412902,4129,시흥시,매화동,선거일투표,8445,2768,1344,1395,2739,29,5677
4100,경기도,시흥시제2선거구,5412902,4129,시흥시,목감동,계,31949,15310,8086,6968,15054,256,16639
4100,경기도,시흥시제2선거구,5412902,4129,시흥시,목감동,관내사전투표,4475,4472,2426,1935,4361,111,3
4100,경기도,시흥시제2선거구,5412902,4129,시흥시,목감동,선거일투표,27474,10838,5660,5033,10693,145,16636
4100,경기도,시흥시제2선거구,5412902,4129,시흥시,과림동,계,1668,903,267,593,860,43,765
4100,경기도,시흥시제2선거구,5412902,4129,시흥시,과림동,관내사전투표,390,389,127,254,381,8,1
4100,경기도,시흥시제2선거구,5412902,4129,시흥시,과림동,선거일투표,1278,514,140,339,479,35,764
4100,경기도,시흥시제2선거구,5412902,4129,시흥시,능곡동,계,19331,9195,4770,4223,8993,202,10136
4100,경기도,시흥시제2선거구,5412902,4129,시흥시,능곡동,관내사전투표,2819,2819,1533,1230,2763,56,0
4100,경기도,시흥시제2선거구,5412902,4129,시흥시,능곡동,선거일투표,16512,6376,3237,2993,6230,146,10136
4100,경기도,시흥시제2선거구,5412902,4129,시흥시,잘못 투입·구분된 투표지,,0,14,5,7,12,2,-14
4100,경기도,시흥시제3선거구,5412903,4129,시흥시,합계,,55624,27556,15079,12042,27121,435,28068
4100,경기도,시흥시제3선거구,5412903,4129,시흥시,거소투표,,106,95,47,39,86,9,11
4100,경기도,시흥시제3선거구,5412903,4129,시흥시,관외사전투표,,2727,2727,1496,1171,2667,60,0
4100,경기도,시흥시제3선거구,5412903,4129,시흥시,신현동,계,8621,4377,1993,2307,4300,77,4244
4100,경기도,시흥시제3선거구,5412903,4129,시흥시,신현동,관내사전투표,1652,1651,830,787,1617,34,1
4100,경기도,시흥시제3선거구,5412903,4129,시흥시,신현동,선거일투표,6969,2726,1163,1520,2683,43,4243
4100,경기도,시흥시제3선거구,5412903,4129,시흥시,연성동,계,19200,9328,5311,3887,9198,130,9872
4100,경기도,시흥시제3선거구,5412903,4129,시흥시,연성동,관내사전투표,2337,2332,1435,862,2297,35,5
4100,경기도,시흥시제3선거구,5412903,4129,시흥시,연성동,선거일투표,16863,6996,3876,3025,6901,95,9867
4100,경기도,시흥시제3선거구,5412903,4129,시흥시,장곡동,계,24970,11022,6225,4638,10863,159,13948
4100,경기도,시흥시제3선거구,5412903,4129,시흥시,장곡동,관내사전투표,3642,3641,2148,1451,3599,42,1
4100,경기도,시흥시제3선거구,5412903,4129,시흥시,장곡동,선거일투표,21328,7381,4077,3187,7264,117,13947
4100,경기도,시흥시제3선거구,5412903,4129,시흥시,잘못 투입·구분된 투표지,,0,7,7,0,7,0,-7
4100,경기도,시흥시제4선거구,5412904,4129,시흥시,합계,,102657,37375,19935,16720,36655,720,65282
4100,경기도,시흥시제4선거구,5412904,4129,시흥시,거소투표,,96,88,44,37,81,7,8
4100,경기도,시흥시제4선거구,5412904,4129,시흥시,관외사전투표,,3815,3814,2024,1694,3718,96,1
4100,경기도,시흥시제4선거구,5412904,4129,시흥시,군자동,계,18025,7183,3671,3367,7038,145,10842
4100,경기도,시흥시제4선거구,5412904,4129,시흥시,군자동,관내사전투표,2199,2198,1149,981,2130,68,1
4100,경기도,시흥시제4선거구,5412904,4129,시흥시,군자동,선거일투표,15826,4985,2522,2386,4908,77,10841
4100,경기도,시흥시제4선거구,5412904,4129,시흥시,정왕본동,계,19719,5307,2706,2474,5180,127,14412
4100,경기도,시흥시제4선거구,5412904,4129,시흥시,정왕본동,관내사전투표,1649,1647,907,697,1604,43,2
4100,경기도,시흥시제4선거구,5412904,4129,시흥시,정왕본동,선거일투표,18070,3660,1799,1777,3576,84,14410
4100,경기도,시흥시제4선거구,5412904,4129,시흥시,정왕1동,계,21201,6110,3335,2662,5997,113,15091
4100,경기도,시흥시제4선거구,5412904,4129,시흥시,정왕1동,관내사전투표,2032,2028,1203,785,1988,40,4
4100,경기도,시흥시제4선거구,5412904,4129,시흥시,정왕1동,선거일투표,19169,4082,2132,1877,4009,73,15087
4100,경기도,시흥시제4선거구,5412904,4129,시흥시,정왕2동,계,26229,9310,5318,3863,9181,129,16919
4100,경기도,시흥시제4선거구,5412904,4129,시흥시,정왕2동,관내사전투표,2673,2665,1560,1068,2628,37,8
4100,경기도,시흥시제4선거구,5412904,4129,시흥시,정왕2동,선거일투표,23556,6645,3758,2795,6553,92,16911
4100,경기도,시흥시제4선거구,5412904,4129,시흥시,월곶동,계,13572,5546,2830,2614,5444,102,8026
4100,경기도,시흥시제4선거구,5412904,4129,시흥시,월곶동,관내사전투표,2113,2110,1129,954,2083,27,3
4100,경기도,시흥시제4선거구,5412904,4129,시흥시,월곶동,선거일투표,11459,3436,1701,1660,3361,75,8023
4100,경기도,시흥시제4선거구,5412904,4129,시흥시,잘못 투입·구분된 투표지,,0,17,7,9,16,1,-17
4100,경기도,시흥시제5선거구,5412905,4129,시흥시,합계,,91092,40328,23182,16426,39608,720,50764
4100,경기도,시흥시제5선거구,5412905,4129,시흥시,거소투표,,105,98,51,40,91,7,7
4100,경기도,시흥시제5선거구,5412905,4129,시흥시,관외사전투표,,3376,3375,1839,1455,3294,81,1
4100,경기도,시흥시제5선거구,5412905,4129,시흥시,정왕3동,계,19760,7493,4168,3139,7307,186,12267
4100,경기도,시흥시제5선거구,5412905,4129,시흥시,정왕3동,관내사전투표,2659,2657,1514,1085,2599,58,2
4100,경기도,시흥시제5선거구,5412905,4129,시흥시,정왕3동,선거일투표,17101,4836,2654,2054,4708,128,12265
4100,경기도,시흥시제5선거구,5412905,4129,시흥시,정왕4동,계,16464,7452,4282,3063,7345,107,9012
4100,경기도,시흥시제5선거구,5412905,4129,시흥시,정왕4동,관내사전투표,2599,2595,1543,1012,2555,40,4
4100,경기도,시흥시제5선거구,5412905,4129,시흥시,정왕4동,선거일투표,13865,4857,2739,2051,4790,67,9008
4100,경기도,시흥시제5선거구,5412905,4129,시흥시,배곧1동,계,25129,11245,6698,4344,11042,203,13884
4100,경기도,시흥시제5선거구,5412905,4129,시흥시,배곧1동,관내사전투표,3321,3320,2046,1213,3259,61,1
4100,경기도,시흥시제5선거구,5412905,4129,시흥시,배곧1동,선거일투표,21808,7925,4652,3131,7783,142,13883
4100,경기도,시흥시제5선거구,5412905,4129,시흥시,배곧2동,계,26258,10652,6138,4378,10516,136,15606
4100,경기도,시흥시제5선거구,5412905,4129,시흥시,배곧2동,관내사전투표,2379,2375,1467,873,2340,35,4
4100,경기도,시흥시제5선거구,5412905,4129,시흥시,배곧2동,선거일투표,23879,8277,4671,3505,8176,101,15602
4100,경기도,시흥시제5선거구,5412905,4129,시흥시,잘못 투입·구분된 투표지,,0,13,6,7,13,0,-13
4100,경기도,군포시제1선거구,5413001,4130,군포시,합계,,61838,29951,14769,14451,29220,731,31887
4100,경기도,군포시제1선거구,5413001,4130,군포시,거소투표,,72,68,32,29,61,7,4
4100,경기도,군포시제1선거구,5413001,4130,군포시,관외사전투표,,4346,4345,2464,1799,4263,82,1
4100,경기도,군포시제1선거구,5413001,4130,군포시,군포1동,계,27431,12012,5841,5923,11764,248,15419
4100,경기도,군포시제1선거구,5413001,4130,군포시,군포1동,관내사전투표,2715,2713,1333,1331,2664,49,2
4100,경기도,군포시제1선거구,5413001,4130,군포시,군포1동,선거일투표,24716,9299,4508,4592,9100,199,15417
4100,경기도,군포시제1선거구,5413001,4130,군포시,산본1동,계,14186,6552,3065,3324,6389,163,7634
4100,경기도,군포시제1선거구,5413001,4130,군포시,산본1동,관내사전투표,2080,2077,999,1013,2012,65,3
4100,경기도,군포시제1선거구,5413001,4130,군포시,산본1동,선거일투표,12106,4475,2066,2311,4377,98,7631
4100,경기도,군포시제1선거구,5413001,4130,군포시,금정동,계,15803,6966,3364,3372,6736,230,8837
4100,경기도,군포시제1선거구,5413001,4130,군포시,금정동,관내사전투표,2170,2168,1107,1011,2118,50,2
4100,경기도,군포시제1선거구,5413001,4130,군포시,금정동,선거일투표,13633,4798,2257,2361,4618,180,8835
4100,경기도,군포시제1선거구,5413001,4130,군포시,잘못 투입·구분된 투표지,,0,8,3,4,7,1,-8
4100,경기도,군포시제2선거구,5413002,4130,군포시,합계,,61132,34441,18002,15674,33676,765,26691
4100,경기도,군포시제2선거구,5413002,4130,군포시,거소투표,,63,58,29,21,50,8,5
4100,경기도,군포시제2선거구,5413002,4130,군포시,관외사전투표,,3217,3215,1757,1373,3130,85,2
4100,경기도,군포시제2선거구,5413002,4130,군포시,군포2동,계,34403,18501,9414,8645,18059,442,15902
4100,경기도,군포시제2선거구,5413002,4130,군포시,군포2동,관내사전투표,5238,5237,2821,2310,5131,106,1
4100,경기도,군포시제2선거구,5413002,4130,군포시,군포2동,선거일투표,29165,13264,6593,6335,12928,336,15901
4100,경기도,군포시제2선거구,5413002,4130,군포시,대야동,계,7957,4556,2418,2054,4472,84,3401
4100,경기도,군포시제2선거구,5413002,4130,군포시,대야동,관내사전투표,1932,1932,1045,832,1877,55,0
4100,경기도,군포시제2선거구,5413002,4130,군포시,대야동,선거일투표,6025,2624,1373,1222,2595,29,3401
4100,경기도,군포시제2선거구,5413002,4130,군포시,송부동,계,15492,8103,4378,3579,7957,146,7389
4100,경기도,군포시제2선거구,5413002,4130,군포시,송부동,관내사전투표,2192,2192,1235,923,2158,34,0
4100,경기도,군포시제2선거구,5413002,4130,군포시,송부동,선거일투표,13300,5911,3143,2656,5799,112,7389
4100,경기도,군포시제2선거구,5413002,4130,군포시,잘못 투입·구분된 투표지,,0,8,6,2,8,0,-8
4100,경기도,군포시제3선거구,5413003,4130,군포시,합계,,59669,35955,17825,17544,35369,586,23714
4100,경기도,군포시제3선거구,5413003,4130,군포시,거소투표,,72,69,27,38,65,4,3
4100,경기도,군포시제3선거구,5413003,4130,군포시,관외사전투표,,4161,4156,2134,1927,4061,95,5
4100,경기도,군포시제3선거구,5413003,4130,군포시,산본2동,계,20774,12005,5573,6237,11810,195,8769
4100,경기도,군포시제3선거구,5413003,4130,군포시,산본2동,관내사전투표,3242,3242,1613,1548,3161,81,0
4100,경기도,군포시제3선거구,5413003,4130,군포시,산본2동,선거일투표,17532,8763,3960,4689,8649,114,8769
4100,경기도,군포시제3선거구,5413003,4130,군포시,궁내동,계,15170,8888,4618,4159,8777,111,6282
4100,경기도,군포시제3선거구,5413003,4130,군포시,궁내동,관내사전투표,2849,2844,1575,1224,2799,45,5
4100,경기도,군포시제3선거구,5413003,4130,군포시,궁내동,선거일투표,12321,6044,3043,2935,5978,66,6277
4100,경기도,군포시제3선거구,5413003,4130,군포시,광정동,계,19492,10816,5468,5169,10637,179,8676
4100,경기도,군포시제3선거구,5413003,4130,군포시,광정동,관내사전투표,2764,2758,1575,1149,2724,34,6
4100,경기도,군포시제3선거구,5413003,4130,군포시,광정동,선거일투표,16728,8058,3893,4020,7913,145,8670
4100,경기도,군포시제3선거구,5413003,4130,군포시,잘못 투입·구분된 투표지,,0,21,5,14,19,2,-21
4100,경기도,군포시제4선거구,5413004,4130,군포시,합계,,48553,27878,14349,13040,27389,489,20675
4100,경기도,군포시제4선거구,5413004,4130,군포시,거소투표,,52,50,25,19,44,6,2
4100,경기도,군포시제4선거구,5413004,4130,군포시,관외사전투표,,2771,2770,1522,1178,2700,70,1
4100,경기도,군포시제4선거구,5413004,4130,군포시,재궁동,계,15571,7886,3903,3785,7688,198,7685
4100,경기도,군포시제4선거구,5413004,4130,군포시,재궁동,관내사전투표,2107,2106,1117,949,2066,40,1
4100,경기도,군포시제4선거구,5413004,4130,군포시,재궁동,선거일투표,13464,5780,2786,2836,5622,158,7684
4100,경기도,군포시제4선거구,5413004,4130,군포시,오금동,계,16983,9630,5037,4484,9521,109,7353
4100,경기도,군포시제4선거구,5413004,4130,군포시,오금동,관내사전투표,2723,2719,1475,1215,2690,29,4
4100,경기도,군포시제4선거구,5413004,4130,군포시,오금동,선거일투표,14260,6911,3562,3269,6831,80,7349
4100,경기도,군포시제4선거구,5413004,4130,군포시,수리동,계,13176,7534,3856,3573,7429,105,5642
4100,경기도,군포시제4선거구,5413004,4130,군포시,수리동,관내사전투표,2186,2184,1151,986,2137,47,2
4100,경기도,군포시제4선거구,5413004,4130,군포시,수리동,선거일투표,10990,5350,2705,2587,5292,58,5640
4100,경기도,군포시제4선거구,5413004,4130,군포시,잘못 투입·구분된 투표지,,0,8,6,1,7,1,-8
4100,경기도,하남시제1선거구,5413101,4131,하남시,합계,,109446,59442,26310,31933,58243,1199,50004
4100,경기도,하남시제1선거구,5413101,4131,하남시,거소투표,,123,114,36,58,94,20,9
4100,경기도,하남시제1선거구,5413101,4131,하남시,관외사전투표,,7761,7751,3706,3834,7540,211,10
4100,경기도,하남시제1선거구,5413101,4131,하남시,천현동,계,6097,2790,961,1742,2703,87,3307
4100,경기도,하남시제1선거구,5413101,4131,하남시,천현동,관내사전투표,924,924,338,562,900,24,0
4100,경기도,하남시제1선거구,5413101,4131,하남시,천현동,선거일투표,5173,1866,623,1180,1803,63,3307
4100,경기도,하남시제1선거구,5413101,4131,하남시,신장1동,계,6559,3092,1313,1719,3032,60,3467
4100,경기도,하남시제1선거구,5413101,4131,하남시,신장1동,관내사전투표,1719,1716,734,951,1685,31,3
4100,경기도,하남시제1선거구,5413101,4131,하남시,신장1동,선거일투표,4840,1376,579,768,1347,29,3464
4100,경기도,하남시제1선거구,5413101,4131,하남시,신장2동,계,36734,18928,8063,10526,18589,339,17806
4100,경기도,하남시제1선거구,5413101,4131,하남시,신장2동,관내사전투표,5199,5195,2305,2774,5079,116,4
4100,경기도,하남시제1선거구,5413101,4131,하남시,신장2동,선거일투표,31535,13733,5758,7752,13510,223,17802
4100,경기도,하남시제1선거구,5413101,4131,하남시,감북동,계,2468,1220,437,728,1165,55,1248
4100,경기도,하남시제1선거구,5413101,4131,하남시,감북동,관내사전투표,509,508,214,282,496,12,1
4100,경기도,하남시제1선거구,5413101,4131,하남시,감북동,선거일투표,1959,712,223,446,669,43,1247
4100,경기도,하남시제1선거구,5413101,4131,하남시,감일동,계,22460,11395,6173,5045,11218,177,11065
4100,경기도,하남시제1선거구,5413101,4131,하남시,감일동,관내사전투표,3778,3778,2106,1607,3713,65,0
4100,경기도,하남시제1선거구,5413101,4131,하남시,감일동,선거일투표,18682,7617,4067,3438,7505,112,11065
4100,경기도,하남시제1선거구,5413101,4131,하남시,위례동,계,21010,11080,4609,6317,10926,154,9930
4100,경기도,하남시제1선거구,5413101,4131,하남시,위례동,관내사전투표,3039,3039,1234,1752,2986,53,0
4100,경기도,하남시제1선거구,5413101,4131,하남시,위례동,선거일투표,17971,8041,3375,4565,7940,101,9930
4100,경기도,하남시제1선거구,5413101,4131,하남시,춘궁동,계,3321,1738,518,1154,1672,66,1583
4100,경기도,하남시제1선거구,5413101,4131,하남시,춘궁동,관내사전투표,790,789,260,480,740,49,1
4100,경기도,하남시제1선거구,5413101,4131,하남시,춘궁동,선거일투표,2531,949,258,674,932,17,1582
4100,경기도,하남시제1선거구,5413101,4131,하남시,초이동,계,2913,1316,484,805,1289,27,1597
4100,경기도,하남시제1선거구,5413101,4131,하남시,초이동,관내사전투표,467,466,181,272,453,13,1
4100,경기도,하남시제1선거구,5413101,4131,하남시,초이동,선거일투표,2446,850,303,533,836,14,1596
4100,경기도,하남시제1선거구,5413101,4131,하남시,잘못 투입·구분된 투표지,,0,18,10,5,15,3,-18
4100,경기도,하남시제2선거구,5413102,4131,하남시,합계,,75608,39161,18098,20234,38332,829,36447
4100,경기도,하남시제2선거구,5413102,4131,하남시,거소투표,,138,130,42,67,109,21,8
4100,경기도,하남시제2선거구,5413102,4131,하남시,관외사전투표,,5978,5978,2939,2898,5837,141,0
4100,경기도,하남시제2선거구,5413102,4131,하남시,덕풍1동,계,12963,6379,2765,3450,6215,164,6584
4100,경기도,하남시제2선거구,5413102,4131,하남시,덕풍1동,관내사전투표,2538,2536,1160,1329,2489,47,2
4100,경기도,하남시제2선거구,5413102,4131,하남시,덕풍1동,선거일투표,10425,3843,1605,2121,3726,117,6582
4100,경기도,하남시제2선거구,5413102,4131,하남시,덕풍2동,계,16239,7507,3306,4012,7318,189,8732
4100,경기도,하남시제2선거구,5413102,4131,하남시,덕풍2동,관내사전투표,2922,2920,1293,1509,2802,118,2
4100,경기도,하남시제2선거구,5413102,4131,하남시,덕풍2동,선거일투표,13317,4587,2013,2503,4516,71,8730
4100,경기도,하남시제2선거구,5413102,4131,하남시,덕풍3동,계,20269,9801,4435,5155,9590,211,10468
4100,경기도,하남시제2선거구,5413102,4131,하남시,덕풍3동,관내사전투표,3070,3070,1482,1531,3013,57,0
4100,경기도,하남시제2선거구,5413102,4131,하남시,덕풍3동,선거일투표,17199,6731,2953,3624,6577,154,10468
4100,경기도,하남시제2선거구,5413102,4131,하남시,풍산동,계,20021,9355,4605,4648,9253,102,10666
4100,경기도,하남시제2선거구,5413102,4131,하남시,풍산동,관내사전투표,2120,2117,1104,985,2089,28,3
4100,경기도,하남시제2선거구,5413102,4131,하남시,풍산동,선거일투표,17901,7238,3501,3663,7164,74,10663
4100,경기도,하남시제2선거구,5413102,4131,하남시,잘못 투입·구분된 투표지,,0,11,6,4,10,1,-11
4100,경기도,하남시제3선거구,5413103,4131,하남시,합계,,81802,41063,20812,19527,40339,724,40739
4100,경기도,하남시제3선거구,5413103,4131,하남시,거소투표,,58,52,26,25,51,1,6
4100,경기도,하남시제3선거구,5413103,4131,하남시,관외사전투표,,5929,5925,3169,2612,5781,144,4
4100,경기도,하남시제3선거구,5413103,4131,하남시,미사1동,계,40658,16546,8450,7836,16286,260,24112
4100,경기도,하남시제3선거구,5413103,4131,하남시,미사1동,관내사전투표,4200,4191,2271,1866,4137,54,9
4100,경기도,하남시제3선거구,5413103,4131,하남시,미사1동,선거일투표,36458,12355,6179,5970,12149,206,24103
4100,경기도,하남시제3선거구,5413103,4131,하남시,미사2동,계,35157,18526,9160,9049,18209,317,16631
4100,경기도,하남시제3선거구,5413103,4131,하남시,미사2동,관내사전투표,6344,6341,3189,3030,6219,122,3
4100,경기도,하남시제3선거구,5413103,4131,하남시,미사2동,선거일투표,28813,12185,5971,6019,11990,195,16628
4100,경기도,하남시제3선거구,5413103,4131,하남시,잘못 투입·구분된 투표지,,0,14,7,5,12,2,-14
4100,경기도,파주시제1선거구,5413201,4132,파주시,합계,,78367,37351,17422,18226,950,36598,753,41016
4100,경기도,파주시제1선거구,5413201,4132,파주시,거소투표,,130,121,50,61,2,113,8,9
4100,경기도,파주시제1선거구,5413201,4132,파주시,관외사전투표,,3828,3825,1946,1651,131,3728,97,3
4100,경기도,파주시제1선거구,5413201,4132,파주시,조리읍,계,24689,11352,4735,6134,259,11128,224,13337
4100,경기도,파주시제1선거구,5413201,4132,파주시,조리읍,관내사전투표,2793,2790,1221,1455,54,2730,60,3
4100,경기도,파주시제1선거구,5413201,4132,파주시,조리읍,선거일투표,21896,8562,3514,4679,205,8398,164,13334
4100,경기도,파주시제1선거구,5413201,4132,파주시,광탄면,계,9832,4371,1511,2609,79,4199,172,5461
4100,경기도,파주시제1선거구,5413201,4132,파주시,광탄면,관내사전투표,1583,1581,601,891,26,1518,63,2
4100,경기도,파주시제1선거구,5413201,4132,파주시,광탄면,선거일투표,8249,2790,910,1718,53,2681,109,5459
4100,경기도,파주시제1선거구,5413201,4132,파주시,운정1동,계,39888,17665,9173,7764,478,17415,250,22223
4100,경기도,파주시제1선거구,5413201,4132,파주시,운정1동,관내사전투표,4201,4198,2259,1765,97,4121,77,3
4100,경기도,파주시제1선거구,5413201,4132,파주시,운정1동,선거일투표,35687,13467,6914,5999,381,13294,173,22220
4100,경기도,파주시제1선거구,5413201,4132,파주시,잘못 투입·구분된 투표지,,0,17,7,7,1,15,2,-17
4100,경기도,파주시제2선거구,5413202,4132,파주시,합계,,103491,49532,27401,21256,48657,875,53959
4100,경기도,파주시제2선거구,5413202,4132,파주시,거소투표,,155,143,67,60,127,16,12
4100,경기도,파주시제2선거구,5413202,4132,파주시,관외사전투표,,6867,6863,3787,2852,6639,224,4
4100,경기도,파주시제2선거구,5413202,4132,파주시,탄현면,계,11479,5132,2369,2618,4987,145,6347
4100,경기도,파주시제2선거구,5413202,4132,파주시,탄현면,관내사전투표,1318,1317,659,613,1272,45,1
4100,경기도,파주시제2선거구,5413202,4132,파주시,탄현면,선거일투표,10161,3815,1710,2005,3715,100,6346
4100,경기도,파주시제2선거구,5413202,4132,파주시,교하동,계,40332,17458,9612,7599,17211,247,22874
4100,경기도,파주시제2선거구,5413202,4132,파주시,교하동,관내사전투표,3314,3311,1862,1349,3211,100,3
4100,경기도,파주시제2선거구,5413202,4132,파주시,교하동,선거일투표,37018,14147,7750,6250,14000,147,22871
4100,경기도,파주시제2선거구,5413202,4132,파주시,운정2동,계,44658,19921,11557,8121,19678,243,24737
4100,경기도,파주시제2선거구,5413202,4132,파주시,운정2동,관내사전투표,3257,3255,1954,1217,3171,84,2
4100,경기도,파주시제2선거구,5413202,4132,파주시,운정2동,선거일투표,41401,16666,9603,6904,16507,159,24735
4100,경기도,파주시제2선거구,5413202,4132,파주시,잘못 투입·구분된 투표지,,0,15,9,6,15,0,-15
4100,경기도,파주시제3선거구,5413203,4132,파주시,합계,,69367,31450,17248,13768,31016,434,37917
4100,경기도,파주시제3선거구,5413203,4132,파주시,거소투표,,95,91,44,41,85,6,4
4100,경기도,파주시제3선거구,5413203,4132,파주시,관외사전투표,,4738,4734,2626,1991,4617,117,4
4100,경기도,파주시제3선거구,5413203,4132,파주시,운정3동,계,64534,26620,14574,11735,26309,311,37914
4100,경기도,파주시제3선거구,5413203,4132,파주시,운정3동,관내사전투표,5184,5184,3006,2118,5124,60,0
4100,경기도,파주시제3선거구,5413203,4132,파주시,운정3동,선거일투표,59350,21436,11568,9617,21185,251,37914
4100,경기도,파주시제3선거구,5413203,4132,파주시,잘못 투입·구분된 투표지,,0,5,4,1,5,0,-5
4100,경기도,파주시제4선거구,5413204,4132,파주시,합계,,60416,27591,11957,14492,26449,1142,32825
4100,경기도,파주시제4선거구,5413204,4132,파주시,거소투표,,460,422,180,163,343,79,38
4100,경기도,파주시제4선거구,5413204,4132,파주시,관외사전투표,,2535,2527,1197,1261,2458,69,8
4100,경기도,파주시제4선거구,5413204,4132,파주시,문산읍,계,37966,15374,7225,7486,14711,663,22592
4100,경기도,파주시제4선거구,5413204,4132,파주시,문산읍,관내사전투표,4418,4400,2247,1969,4216,184,18
4100,경기도,파주시제4선거구,5413204,4132,파주시,문산읍,선거일투표,33548,10974,4978,5517,10495,479,22574
4100,경기도,파주시제4선거구,5413204,4132,파주시,법원읍,계,9191,4185,1607,2428,4035,150,5006
4100,경기도,파주시제4선거구,5413204,4132,파주시,법원읍,관내사전투표,1344,1342,539,752,1291,51,2
4100,경기도,파주시제4선거구,5413204,4132,파주시,법원읍,선거일투표,7847,2843,1068,1676,2744,99,5004
4100,경기도,파주시제4선거구,5413204,4132,파주시,적성면,계,6044,2758,890,1798,2688,70,3286
4100,경기도,파주시제4선거구,5413204,4132,파주시,적성면,관내사전투표,929,926,321,563,884,42,3
4100,경기도,파주시제4선거구,5413204,4132,파주시,적성면,선거일투표,5115,1832,569,1235,1804,28,3283
4100,경기도,파주시제4선거구,5413204,4132,파주시,파평면,계,3550,1847,662,1097,1759,88,1703
4100,경기도,파주시제4선거구,5413204,4132,파주시,파평면,관내사전투표,502,497,193,272,465,32,5
4100,경기도,파주시제4선거구,5413204,4132,파주시,파평면,선거일투표,3048,1350,469,825,1294,56,1698
4100,경기도,파주시제4선거구,5413204,4132,파주시,장단면,계,670,438,179,246,425,13,232
4100,경기도,파주시제4선거구,5413204,4132,파주시,장단면,관내사전투표,157,157,72,78,150,7,0
4100,경기도,파주시제4선거구,5413204,4132,파주시,장단면,선거일투표,513,281,107,168,275,6,232
4100,경기도,파주시제4선거구,5413204,4132,파주시,잘못 투입·구분된 투표지,,0,40,17,13,30,10,-40
4100,경기도,파주시제5선거구,5413205,4132,파주시,합계,,92088,41137,18942,20988,39930,1207,50951
4100,경기도,파주시제5선거구,5413205,4132,파주시,거소투표,,229,217,101,99,200,17,12
4100,경기도,파주시제5선거구,5413205,4132,파주시,관외사전투표,,3802,3798,1800,1890,3690,108,4
4100,경기도,파주시제5선거구,5413205,4132,파주시,파주읍,계,11707,4897,1833,2897,4730,167,6810
4100,경기도,파주시제5선거구,5413205,4132,파주시,파주읍,관내사전투표,1417,1408,534,831,1365,43,9
4100,경기도,파주시제5선거구,5413205,4132,파주시,파주읍,선거일투표,10290,3489,1299,2066,3365,124,6801
4100,경기도,파주시제5선거구,5413205,4132,파주시,월롱면,계,8825,3017,1134,1794,2928,89,5808
4100,경기도,파주시제5선거구,5413205,4132,파주시,월롱면,관내사전투표,868,867,371,460,831,36,1
4100,경기도,파주시제5선거구,5413205,4132,파주시,월롱면,선거일투표,7957,2150,763,1334,2097,53,5807
4100,경기도,파주시제5선거구,5413205,4132,파주시,금촌1동,계,19451,7444,3158,4041,7199,245,12007
4100,경기도,파주시제5선거구,5413205,4132,파주시,금촌1동,관내사전투표,2412,2410,1089,1274,2363,47,2
4100,경기도,파주시제5선거구,5413205,4132,파주시,금촌1동,선거일투표,17039,5034,2069,2767,4836,198,12005
4100,경기도,파주시제5선거구,5413205,4132,파주시,금촌2동,계,25824,12294,6319,5689,12008,286,13530
4100,경기도,파주시제5선거구,5413205,4132,파주시,금촌2동,관내사전투표,3847,3844,2077,1695,3772,72,3
4100,경기도,파주시제5선거구,5413205,4132,파주시,금촌2동,선거일투표,21977,8450,4242,3994,8236,214,13527
4100,경기도,파주시제5선거구,5413205,4132,파주시,금촌3동,계,22250,9444,4589,4564,9153,291,12806
4100,경기도,파주시제5선거구,5413205,4132,파주시,금촌3동,관내사전투표,3141,3133,1585,1463,3048,85,8
4100,경기도,파주시제5선거구,5413205,4132,파주시,금촌3동,선거일투표,19109,6311,3004,3101,6105,206,12798
4100,경기도,파주시제5선거구,5413205,4132,파주시,잘못 투입·구분된 투표지,,0,26,8,14,22,4,-26
4100,경기도,여주시제1선거구,5413301,4133,여주시,합계,,50428,25841,8712,16259,24971,870,24587
4100,경기도,여주시제1선거구,5413301,4133,여주시,거소투표,,52,49,18,27,45,4,3
4100,경기도,여주시제1선거구,5413301,4133,여주시,관외사전투표,,2845,2843,1134,1627,2761,82,2
4100,경기도,여주시제1선거구,5413301,4133,여주시,가남읍,계,12621,5727,2047,3421,5468,259,6894
4100,경기도,여주시제1선거구,5413301,4133,여주시,가남읍,관내사전투표,1759,1756,644,1065,1709,47,3
4100,경기도,여주시제1선거구,5413301,4133,여주시,가남읍,선거일투표,10862,3971,1403,2356,3759,212,6891
4100,경기도,여주시제1선거구,5413301,4133,여주시,점동면,계,4391,2520,704,1700,2404,116,1871
4100,경기도,여주시제1선거구,5413301,4133,여주시,점동면,관내사전투표,1046,1046,301,683,984,62,0
4100,경기도,여주시제1선거구,5413301,4133,여주시,점동면,선거일투표,3345,1474,403,1017,1420,54,1871
4100,경기도,여주시제1선거구,5413301,4133,여주시,세종대왕면,계,5187,2747,806,1844,2650,97,2440
4100,경기도,여주시제1선거구,5413301,4133,여주시,세종대왕면,관내사전투표,864,864,242,597,839,25,0
4100,경기도,여주시제1선거구,5413301,4133,여주시,세종대왕면,선거일투표,4323,1883,564,1247,1811,72,2440
4100,경기도,여주시제1선거구,5413301,4133,여주시,북내면,계,4206,2289,636,1587,2223,66,1917
4100,경기도,여주시제1선거구,5413301,4133,여주시,북내면,관내사전투표,805,805,250,531,781,24,0
4100,경기도,여주시제1선거구,5413301,4133,여주시,북내면,선거일투표,3401,1484,386,1056,1442,42,1917
4100,경기도,여주시제1선거구,5413301,4133,여주시,강천면,계,3695,2047,646,1342,1988,59,1648
4100,경기도,여주시제1선거구,5413301,4133,여주시,강천면,관내사전투표,736,736,238,469,707,29,0
4100,경기도,여주시제1선거구,5413301,4133,여주시,강천면,선거일투표,2959,1311,408,873,1281,30,1648
4100,경기도,여주시제1선거구,5413301,4133,여주시,여흥동,계,17431,7613,2720,4707,7427,186,9818
4100,경기도,여주시제1선거구,5413301,4133,여주시,여흥동,관내사전투표,2353,2348,876,1392,2268,80,5
4100,경기도,여주시제1선거구,5413301,4133,여주시,여흥동,선거일투표,15078,5265,1844,3315,5159,106,9813
4100,경기도,여주시제1선거구,5413301,4133,여주시,잘못 투입·구분된 투표지,,0,6,1,4,5,1,-6
4100,경기도,여주시제2선거구,5413302,4133,여주시,합계,,47905,24813,9816,14349,24165,648,23092
4100,경기도,여주시제2선거구,5413302,4133,여주시,거소투표,,64,57,21,24,45,12,7
4100,경기도,여주시제2선거구,5413302,4133,여주시,관외사전투표,,3128,3126,1401,1652,3053,73,2
4100,경기도,여주시제2선거구,5413302,4133,여주시,흥천면,계,4293,2289,698,1503,2201,88,2004
4100,경기도,여주시제2선거구,5413302,4133,여주시,흥천면,관내사전투표,803,803,255,487,742,61,0
4100,경기도,여주시제2선거구,5413302,4133,여주시,흥천면,선거일투표,3490,1486,443,1016,1459,27,2004
4100,경기도,여주시제2선거구,5413302,4133,여주시,금사면,계,2604,1503,400,1065,1465,38,1101
4100,경기도,여주시제2선거구,5413302,4133,여주시,금사면,관내사전투표,737,735,209,512,721,14,2
4100,경기도,여주시제2선거구,5413302,4133,여주시,금사면,선거일투표,1867,768,191,553,744,24,1099
4100,경기도,여주시제2선거구,5413302,4133,여주시,산북면,계,2201,1247,456,757,1213,34,954
4100,경기도,여주시제2선거구,5413302,4133,여주시,산북면,관내사전투표,559,559,220,311,531,28,0
4100,경기도,여주시제2선거구,5413302,4133,여주시,산북면,선거일투표,1642,688,236,446,682,6,954
4100,경기도,여주시제2선거구,5413302,4133,여주시,대신면,계,5984,3217,851,2286,3137,80,2767
4100,경기도,여주시제2선거구,5413302,4133,여주시,대신면,관내사전투표,1120,1119,320,773,1093,26,1
4100,경기도,여주시제2선거구,5413302,4133,여주시,대신면,선거일투표,4864,2098,531,1513,2044,54,2766
4100,경기도,여주시제2선거구,5413302,4133,여주시,중앙동,계,15137,6895,3058,3677,6735,160,8242
4100,경기도,여주시제2선거구,5413302,4133,여주시,중앙동,관내사전투표,2508,2508,1093,1330,2423,85,0
4100,경기도,여주시제2선거구,5413302,4133,여주시,중앙동,선거일투표,12629,4387,1965,2347,4312,75,8242
4100,경기도,여주시제2선거구,5413302,4133,여주시,오학동,계,14494,6473,2930,3381,6311,162,8021
4100,경기도,여주시제2선거구,5413302,4133,여주시,오학동,관내사전투표,2997,2997,1334,1554,2888,109,0
4100,경기도,여주시제2선거구,5413302,4133,여주시,오학동,선거일투표,11497,3476,1596,1827,3423,53,8021
4100,경기도,여주시제2선거구,5413302,4133,여주시,잘못 투입·구분된 투표지,,0,6,1,4,5,1,-6
4100,경기도,이천시제1선거구,5413401,4134,이천시,합계,,117407,54893,23155,30643,53798,1095,62514
4100,경기도,이천시제1선거구,5413401,4134,이천시,거소투표,,144,129,54,65,119,10,15
4100,경기도,이천시제1선거구,5413401,4134,이천시,관외사전투표,,7917,7908,3634,4042,7676,232,9
4100,경기도,이천시제1선거구,5413401,4134,이천시,신둔면,계,11811,5555,2207,3229,5436,119,6256
4100,경기도,이천시제1선거구,5413401,4134,이천시,신둔면,관내사전투표,1959,1953,865,1032,1897,56,6
4100,경기도,이천시제1선거구,5413401,4134,이천시,신둔면,선거일투표,9852,3602,1342,2197,3539,63,6250
4100,경기도,이천시제1선거구,5413401,4134,이천시,백사면,계,9278,4297,1824,2409,4233,64,4981
4100,경기도,이천시제1선거구,5413401,4134,이천시,백사면,관내사전투표,1557,1555,678,844,1522,33,2
4100,경기도,이천시제1선거구,5413401,4134,이천시,백사면,선거일투표,7721,2742,1146,1565,2711,31,4979
4100,경기도,이천시제1선거구,5413401,4134,이천시,마장면,계,12354,5110,1971,3009,4980,130,7244
4100,경기도,이천시제1선거구,5413401,4134,이천시,마장면,관내사전투표,2080,2080,829,1180,2009,71,0
4100,경기도,이천시제1선거구,5413401,4134,이천시,마장면,선거일투표,10274,3030,1142,1829,2971,59,7244
4100,경기도,이천시제1선거구,5413401,4134,이천시,창전동,계,13958,5539,1931,3516,5447,92,8419
4100,경기도,이천시제1선거구,5413401,4134,이천시,창전동,관내사전투표,1608,1607,597,977,1574,33,1
4100,경기도,이천시제1선거구,5413401,4134,이천시,창전동,선거일투표,12350,3932,1334,2539,3873,59,8418
4100,경기도,이천시제1선거구,5413401,4134,이천시,증포동,계,40379,17184,8286,8625,16911,273,23195
4100,경기도,이천시제1선거구,5413401,4134,이천시,증포동,관내사전투표,5198,5180,2553,2502,5055,125,18
4100,경기도,이천시제1선거구,5413401,4134,이천시,증포동,선거일투표,35181,12004,5733,6123,11856,148,23177
4100,경기도,이천시제1선거구,5413401,4134,이천시,중리동,계,12459,5006,1658,3243,4901,105,7453
4100,경기도,이천시제1선거구,5413401,4134,이천시,중리동,관내사전투표,1656,1650,550,1052,1602,48,6
4100,경기도,이천시제1선거구,5413401,4134,이천시,중리동,선거일투표,10803,3356,1108,2191,3299,57,7447
4100,경기도,이천시제1선거구,5413401,4134,이천시,관고동,계,9107,4112,1572,2477,4049,63,4995
4100,경기도,이천시제1선거구,5413401,4134,이천시,관고동,관내사전투표,1912,1908,786,1076,1862,46,4
4100,경기도,이천시제1선거구,5413401,4134,이천시,관고동,선거일투표,7195,2204,786,1401,2187,17,4991
4100,경기도,이천시제1선거구,5413401,4134,이천시,잘못 투입·구분된 투표지,,0,53,18,28,46,7,-53
4100,경기도,이천시제2선거구,5413402,4134,이천시,합계,,71156,33834,14830,18043,32873,961,37322
4100,경기도,이천시제2선거구,5413402,4134,이천시,거소투표,,309,293,105,139,244,49,16
4100,경기도,이천시제2선거구,5413402,4134,이천시,관외사전투표,,3872,3862,1783,1975,3758,104,10
4100,경기도,이천시제2선거구,5413402,4134,이천시,장호원읍,계,11973,5728,2235,3309,5544,184,6245
4100,경기도,이천시제2선거구,5413402,4134,이천시,장호원읍,관내사전투표,1921,1918,840,1006,1846,72,3
4100,경기도,이천시제2선거구,5413402,4134,이천시,장호원읍,선거일투표,10052,3810,1395,2303,3698,112,6242
4100,경기도,이천시제2선거구,5413402,4134,이천시,부발읍,계,27740,11450,5832,5353,11185,265,16290
4100,경기도,이천시제2선거구,5413402,4134,이천시,부발읍,관내사전투표,2929,2925,1450,1376,2826,99,4
4100,경기도,이천시제2선거구,5413402,4134,이천시,부발읍,선거일투표,24811,8525,4382,3977,8359,166,16286
4100,경기도,이천시제2선거구,5413402,4134,이천시,호법면,계,5000,2368,790,1533,2323,45,2632
4100,경기도,이천시제2선거구,5413402,4134,이천시,호법면,관내사전투표,997,994,343,631,974,20,3
4100,경기도,이천시제2선거구,5413402,4134,이천시,호법면,선거일투표,4003,1374,447,902,1349,25,2629
4100,경기도,이천시제2선거구,5413402,4134,이천시,대월면,계,11966,4528,2115,2313,4428,100,7438
4100,경기도,이천시제2선거구,5413402,4134,이천시,대월면,관내사전투표,1640,1634,829,764,1593,41,6
4100,경기도,이천시제2선거구,5413402,4134,이천시,대월면,선거일투표,10326,2894,1286,1549,2835,59,7432
4100,경기도,이천시제2선거구,5413402,4134,이천시,모가면,계,3880,2156,723,1362,2085,71,1724
4100,경기도,이천시제2선거구,5413402,4134,이천시,모가면,관내사전투표,919,917,342,549,891,26,2
4100,경기도,이천시제2선거구,5413402,4134,이천시,모가면,선거일투표,2961,1239,381,813,1194,45,1722
4100,경기도,이천시제2선거구,5413402,4134,이천시,설성면,계,3983,2027,697,1275,1972,55,1956
4100,경기도,이천시제2선거구,5413402,4134,이천시,설성면,관내사전투표,734,732,243,456,699,33,2
4100,경기도,이천시제2선거구,5413402,4134,이천시,설성면,선거일투표,3249,1295,454,819,1273,22,1954
4100,경기도,이천시제2선거구,5413402,4134,이천시,율면,계,2433,1390,540,769,1309,81,1043
4100,경기도,이천시제2선거구,5413402,4134,이천시,율면,관내사전투표,708,707,265,381,646,61,1
4100,경기도,이천시제2선거구,5413402,4134,이천시,율면,선거일투표,1725,683,275,388,663,20,1042
4100,경기도,이천시제2선거구,5413402,4134,이천시,잘못 투입·구분된 투표지,,0,32,10,15,25,7,-32
4100,경기도,용인시제1선거구,5413501,4135,용인시처인구,합계,,119068,55052,25848,27927,53775,1277,64016
4100,경기도,용인시제1선거구,5413501,4135,용인시처인구,거소투표,,133,124,67,47,114,10,9
4100,경기도,용인시제1선거구,5413501,4135,용인시처인구,관외사전투표,,6186,6185,3145,2876,6021,164,1
4100,경기도,용인시제1선거구,5413501,4135,용인시처인구,포곡읍,계,27680,11818,5586,5905,11491,327,15862
4100,경기도,용인시제1선거구,5413501,4135,용인시처인구,포곡읍,관내사전투표,3480,3480,1724,1684,3408,72,0
4100,경기도,용인시제1선거구,5413501,4135,용인시처인구,포곡읍,선거일투표,24200,8338,3862,4221,8083,255,15862
4100,경기도,용인시제1선거구,5413501,4135,용인시처인구,모현읍,계,21938,9336,4160,4991,9151,185,12602
4100,경기도,용인시제1선거구,5413501,4135,용인시처인구,모현읍,관내사전투표,2479,2478,1124,1283,2407,71,1
4100,경기도,용인시제1선거구,5413501,4135,용인시처인구,모현읍,선거일투표,19459,6858,3036,3708,6744,114,12601
4100,경기도,용인시제1선거구,5413501,4135,용인시처인구,역북동,계,24714,10771,4958,5621,10579,192,13943
4100,경기도,용인시제1선거구,5413501,4135,용인시처인구,역북동,관내사전투표,3939,3937,1852,2002,3854,83,2
4100,경기도,용인시제1선거구,5413501,4135,용인시처인구,역북동,선거일투표,20775,6834,3106,3619,6725,109,13941
4100,경기도,용인시제1선거구,5413501,4135,용인시처인구,삼가동,계,9899,5017,2210,2705,4915,102,4882
4100,경기도,용인시제1선거구,5413501,4135,용인시처인구,삼가동,관내사전투표,1383,1382,633,726,1359,23,1
4100,경기도,용인시제1선거구,5413501,4135,용인시처인구,삼가동,선거일투표,8516,3635,1577,1979,3556,79,4881
4100,경기도,용인시제1선거구,5413501,4135,용인시처인구,유림동,계,28518,11783,5716,5770,11486,297,16735
4100,경기도,용인시제1선거구,5413501,4135,용인시처인구,유림동,관내사전투표,2888,2888,1405,1425,2830,58,0
4100,경기도,용인시제1선거구,5413501,4135,용인시처인구,유림동,선거일투표,25630,8895,4311,4345,8656,239,16735
4100,경기도,용인시제1선거구,5413501,4135,용인시처인구,잘못 투입·구분된 투표지,,0,18,6,12,18,0,-18
4100,경기도,용인시제2선거구,5413502,4135,용인시처인구,합계,,103675,50056,21619,27312,48931,1125,53619
4100,경기도,용인시제2선거구,5413502,4135,용인시처인구,거소투표,,254,237,94,86,180,57,17
4100,경기도,용인시제2선거구,5413502,4135,용인시처인구,관외사전투표,,6764,6758,3248,3363,6611,147,6
4100,경기도,용인시제2선거구,5413502,4135,용인시처인구,이동읍,계,16703,7194,3181,3863,7044,150,9509
4100,경기도,용인시제2선거구,5413502,4135,용인시처인구,이동읍,관내사전투표,2348,2348,1083,1222,2305,43,0
4100,경기도,용인시제2선거구,5413502,4135,용인시처인구,이동읍,선거일투표,14355,4846,2098,2641,4739,107,9509
4100,경기도,용인시제2선거구,5413502,4135,용인시처인구,남사읍,계,17487,8457,3649,4706,8355,102,9030
4100,경기도,용인시제2선거구,5413502,4135,용인시처인구,남사읍,관내사전투표,1839,1837,785,1014,1799,38,2
4100,경기도,용인시제2선거구,5413502,4135,용인시처인구,남사읍,선거일투표,15648,6620,2864,3692,6556,64,9028
4100,경기도,용인시제2선거구,5413502,4135,용인시처인구,원삼면,계,6841,3556,1253,2231,3484,72,3285
4100,경기도,용인시제2선거구,5413502,4135,용인시처인구,원삼면,관내사전투표,1188,1187,440,713,1153,34,1
4100,경기도,용인시제2선거구,5413502,4135,용인시처인구,원삼면,선거일투표,5653,2369,813,1518,2331,38,3284
4100,경기도,용인시제2선거구,5413502,4135,용인시처인구,백암면,계,7645,3635,1274,2241,3515,120,4010
4100,경기도,용인시제2선거구,5413502,4135,용인시처인구,백암면,관내사전투표,1347,1347,512,751,1263,84,0
4100,경기도,용인시제2선거구,5413502,4135,용인시처인구,백암면,선거일투표,6298,2288,762,1490,2252,36,4010
4100,경기도,용인시제2선거구,5413502,4135,용인시처인구,양지면,계,16307,6675,2879,3693,6572,103,9632
4100,경기도,용인시제2선거구,5413502,4135,용인시처인구,양지면,관내사전투표,2222,2220,992,1176,2168,52,2
4100,경기도,용인시제2선거구,5413502,4135,용인시처인구,양지면,선거일투표,14085,4455,1887,2517,4404,51,9630
4100,경기도,용인시제2선거구,5413502,4135,용인시처인구,중앙동,계,20534,8463,3856,4362,8218,245,12071
4100,경기도,용인시제2선거구,5413502,4135,용인시처인구,중앙동,관내사전투표,2404,2403,1179,1169,2348,55,1
4100,경기도,용인시제2선거구,5413502,4135,용인시처인구,중앙동,선거일투표,18130,6060,2677,3193,5870,190,12070
4100,경기도,용인시제2선거구,5413502,4135,용인시처인구,동부동,계,11140,5062,2176,2758,4934,128,6078
4100,경기도,용인시제2선거구,5413502,4135,용인시처인구,동부동,관내사전투표,1766,1763,771,944,1715,48,3
4100,경기도,용인시제2선거구,5413502,4135,용인시처인구,동부동,선거일투표,9374,3299,1405,1814,3219,80,6075
4100,경기도,용인시제2선거구,5413502,4135,용인시처인구,잘못 투입·구분된 투표지,,0,19,9,9,18,1,-19
4100,경기도,용인시제6선거구,5413704,4136,용인시수지구,합계,,38683,22716,10481,11968,22449,267,15967
4100,경기도,용인시제6선거구,5413704,4136,용인시수지구,거소투표,,50,49,22,26,48,1,1
4100,경기도,용인시제6선거구,5413704,4136,용인시수지구,관외사전투표,,2619,2618,1290,1285,2575,43,1
4100,경기도,용인시제6선거구,5413704,4136,용인시수지구,상현1동,계,15279,8802,3883,4845,8728,74,6477
4100,경기도,용인시제6선거구,5413704,4136,용인시수지구,상현1동,관내사전투표,2535,2530,1155,1343,2498,32,5
4100,경기도,용인시제6선거구,5413704,4136,용인시수지구,상현1동,선거일투표,12744,6272,2728,3502,6230,42,6472
4100,경기도,용인시제6선거구,5413704,4136,용인시수지구,상현3동,계,20735,11236,5280,5807,11087,149,9499
4100,경기도,용인시제6선거구,5413704,4136,용인시수지구,상현3동,관내사전투표,3568,3566,1788,1703,3491,75,2
4100,경기도,용인시제6선거구,5413704,4136,용인시수지구,상현3동,선거일투표,17167,7670,3492,4104,7596,74,9497
4100,경기도,용인시제6선거구,5413704,4136,용인시수지구,잘못 투입·구분된 투표지,,0,11,6,5,11,0,-11
4100,경기도,용인시제7선거구,5413601,4136,용인시수지구,합계,,78637,45015,21154,23154,44308,707,33622
4100,경기도,용인시제7선거구,5413601,4136,용인시수지구,거소투표,,89,84,46,31,77,7,5
4100,경기도,용인시제7선거구,5413601,4136,용인시수지구,관외사전투표,,5107,5105,2564,2426,4990,115,2
4100,경기도,용인시제7선거구,5413601,4136,용인시수지구,풍덕천1동,계,29701,15840,7229,8354,15583,257,13861
4100,경기도,용인시제7선거구,5413601,4136,용인시수지구,풍덕천1동,관내사전투표,5131,5126,2535,2472,5007,119,5
4100,경기도,용인시제7선거구,5413601,4136,용인시수지구,풍덕천1동,선거일투표,24570,10714,4694,5882,10576,138,13856
4100,경기도,용인시제7선거구,5413601,4136,용인시수지구,풍덕천2동,계,29641,16704,8152,8356,16508,196,12937
4100,경기도,용인시제7선거구,5413601,4136,용인시수지구,풍덕천2동,관내사전투표,4696,4695,2474,2152,4626,69,1
4100,경기도,용인시제7선거구,5413601,4136,용인시수지구,풍덕천2동,선거일투표,24945,12009,5678,6204,11882,127,12936
4100,경기도,용인시제7선거구,5413601,4136,용인시수지구,죽전2동,계,14099,7273,3160,3982,7142,131,6826
4100,경기도,용인시제7선거구,5413601,4136,용인시수지구,죽전2동,관내사전투표,1575,1575,731,807,1538,37,0
4100,경기도,용인시제7선거구,5413601,4136,용인시수지구,죽전2동,선거일투표,12524,5698,2429,3175,5604,94,6826
4100,경기도,용인시제7선거구,5413601,4136,용인시수지구,잘못 투입·구분된 투표지,,0,9,3,5,8,1,-9
4100,경기도,용인시제8선거구,5413602,4136,용인시수지구,합계,,114663,68135,28197,38948,67145,990,46528
4100,경기도,용인시제8선거구,5413602,4136,용인시수지구,거소투표,,115,110,38,68,106,4,5
4100,경기도,용인시제8선거구,5413602,4136,용인시수지구,관외사전투표,,6064,6063,2781,3173,5954,109,1
4100,경기도,용인시제8선거구,5413602,4136,용인시수지구,신봉동,계,29079,16733,7245,9259,16504,229,12346
4100,경기도,용인시제8선거구,5413602,4136,용인시수지구,신봉동,관내사전투표,4595,4594,2170,2336,4506,88,1
4100,경기도,용인시제8선거구,5413602,4136,용인시수지구,신봉동,선거일투표,24484,12139,5075,6923,11998,141,12345
4100,경기도,용인시제8선거구,5413602,4136,용인시수지구,동천동,계,38047,21353,9786,11208,20994,359,16694
4100,경기도,용인시제8선거구,5413602,4136,용인시수지구,동천동,관내사전투표,7072,7068,3386,3532,6918,150,4
4100,경기도,용인시제8선거구,5413602,4136,용인시수지구,동천동,선거일투표,30975,14285,6400,7676,14076,209,16690
4100,경기도,용인시제8선거구,5413602,4136,용인시수지구,성복동,계,41358,23860,8339,15233,23572,288,17498
4100,경기도,용인시제8선거구,5413602,4136,용인시수지구,성복동,관내사전투표,6132,6127,2206,3825,6031,96,5
4100,경기도,용인시제8선거구,5413602,4136,용인시수지구,성복동,선거일투표,35226,17733,6133,11408,17541,192,17493
4100,경기도,용인시제8선거구,5413602,4136,용인시수지구,잘못 투입·구분된 투표지,,0,16,8,7,15,1,-16
4100,경기도,용인시제3선거구,5413701,4137,용인시기흥구,합계,,111040,58389,30751,26619,57370,1019,52651
4100,경기도,용인시제3선거구,5413701,4137,용인시기흥구,거소투표,,128,123,56,59,115,8,5
4100,경기도,용인시제3선거구,5413701,4137,용인시기흥구,관외사전투표,,7254,7247,3920,3126,7046,201,7
4100,경기도,용인시제3선거구,5413701,4137,용인시기흥구,신갈동,계,30512,15317,8069,7018,15087,230,15195
4100,경기도,용인시제3선거구,5413701,4137,용인시기흥구,신갈동,관내사전투표,3556,3551,1831,1630,3461,90,5
4100,경기도,용인시제3선거구,5413701,4137,용인시기흥구,신갈동,선거일투표,26956,11766,6238,5388,11626,140,15190
4100,경기도,용인시제3선거구,5413701,4137,용인시기흥구,영덕1동,계,22721,11759,6472,5121,11593,166,10962
4100,경기도,용인시제3선거구,5413701,4137,용인시기흥구,영덕1동,관내사전투표,3505,3502,1990,1453,3443,59,3
4100,경기도,용인시제3선거구,5413701,4137,용인시기흥구,영덕1동,선거일투표,19216,8257,4482,3668,8150,107,10959
4100,경기도,용인시제3선거구,5413701,4137,용인시기흥구,영덕2동,계,13844,6961,3723,3139,6862,99,6883
4100,경기도,용인시제3선거구,5413701,4137,용인시기흥구,영덕2동,관내사전투표,2135,2133,1198,896,2094,39,2
4100,경기도,용인시제3선거구,5413701,4137,용인시기흥구,영덕2동,선거일투표,11709,4828,2525,2243,4768,60,6881
4100,경기도,용인시제3선거구,5413701,4137,용인시기흥구,기흥동,계,16599,7318,3269,3917,7186,132,9281
4100,경기도,용인시제3선거구,5413701,4137,용인시기흥구,기흥동,관내사전투표,2081,2081,948,1079,2027,54,0
4100,경기도,용인시제3선거구,5413701,4137,용인시기흥구,기흥동,선거일투표,14518,5237,2321,2838,5159,78,9281
4100,경기도,용인시제3선거구,5413701,4137,용인시기흥구,서농동,계,19982,9635,5226,4229,9455,180,10347
4100,경기도,용인시제3선거구,5413701,4137,용인시기흥구,서농동,관내사전투표,3188,3185,1801,1331,3132,53,3
4100,경기도,용인시제3선거구,5413701,4137,용인시기흥구,서농동,선거일투표,16794,6450,3425,2898,6323,127,10344
4100,경기도,용인시제3선거구,5413701,4137,용인시기흥구,잘못 투입·구분된 투표지,,0,29,16,10,26,3,-29
4100,경기도,용인시제4선거구,5413702,4137,용인시기흥구,합계,,46600,24899,12360,12103,24463,436,21701
4100,경기도,용인시제4선거구,5413702,4137,용인시기흥구,거소투표,,46,43,19,22,41,2,3
4100,경기도,용인시제4선거구,5413702,4137,용인시기흥구,관외사전투표,,3684,3681,1849,1737,3586,95,3
4100,경기도,용인시제4선거구,5413702,4137,용인시기흥구,구갈동,계,31961,15421,7496,7667,15163,258,16540
4100,경기도,용인시제4선거구,5413702,4137,용인시기흥구,구갈동,관내사전투표,3424,3421,1829,1544,3373,48,3
4100,경기도,용인시제4선거구,5413702,4137,용인시기흥구,구갈동,선거일투표,28537,12000,5667,6123,11790,210,16537
4100,경기도,용인시제4선거구,5413702,4137,용인시기흥구,상갈동,계,10909,5743,2990,2672,5662,81,5166
4100,경기도,용인시제4선거구,5413702,4137,용인시기흥구,상갈동,관내사전투표,2247,2246,1227,978,2205,41,1
4100,경기도,용인시제4선거구,5413702,4137,용인시기흥구,상갈동,선거일투표,8662,3497,1763,1694,3457,40,5165
4100,경기도,용인시제4선거구,5413702,4137,용인시기흥구,잘못 투입·구분된 투표지,,0,11,6,5,11,0,-11
4100,경기도,용인시제5선거구,5413703,4137,용인시기흥구,합계,,68373,37257,17900,18860,36760,497,31116
4100,경기도,용인시제5선거구,5413703,4137,용인시기흥구,거소투표,,85,84,36,44,80,4,1
4100,경기도,용인시제5선거구,5413703,4137,용인시기흥구,관외사전투표,,4605,4602,2307,2194,4501,101,3
4100,경기도,용인시제5선거구,5413703,4137,용인시기흥구,보라동,계,25475,13129,6505,6446,12951,178,12346
4100,경기도,용인시제5선거구,5413703,4137,용인시기흥구,보라동,관내사전투표,3255,3253,1741,1439,3180,73,2
4100,경기도,용인시제5선거구,5413703,4137,용인시기흥구,보라동,선거일투표,22220,9876,4764,5007,9771,105,12344
4100,경기도,용인시제5선거구,5413703,4137,용인시기흥구,동백3동,계,19010,9811,4495,5229,9724,87,9199
4100,경기도,용인시제5선거구,5413703,4137,용인시기흥구,동백3동,관내사전투표,2601,2600,1282,1286,2568,32,1
4100,경기도,용인시제5선거구,5413703,4137,용인시기흥구,동백3동,선거일투표,16409,7211,3213,3943,7156,55,9198
4100,경기도,용인시제5선거구,5413703,4137,용인시기흥구,상하동,계,19198,9619,4550,4942,9492,127,9579
4100,경기도,용인시제5선거구,5413703,4137,용인시기흥구,상하동,관내사전투표,2934,2930,1369,1504,2873,57,4
4100,경기도,용인시제5선거구,5413703,4137,용인시기흥구,상하동,선거일투표,16264,6689,3181,3438,6619,70,9575
4100,경기도,용인시제5선거구,5413703,4137,용인시기흥구,잘못 투입·구분된 투표지,,0,12,7,5,12,0,-12
4100,경기도,용인시제9선거구,5413705,4137,용인시기흥구,합계,,106593,60935,29182,30537,59719,1216,45658
4100,경기도,용인시제9선거구,5413705,4137,용인시기흥구,거소투표,,133,128,59,59,118,10,5
4100,경기도,용인시제9선거구,5413705,4137,용인시기흥구,관외사전투표,,5804,5801,2888,2768,5656,145,3
4100,경기도,용인시제9선거구,5413705,4137,용인시기흥구,구성동,계,31762,17428,7501,9559,17060,368,14334
4100,경기도,용인시제9선거구,5413705,4137,용인시기흥구,구성동,관내사전투표,5152,5145,2288,2731,5019,126,7
4100,경기도,용인시제9선거구,5413705,4137,용인시기흥구,구성동,선거일투표,26610,12283,5213,6828,12041,242,14327
4100,경기도,용인시제9선거구,5413705,4137,용인시기흥구,마북동,계,25125,13893,5700,7906,13606,287,11232
4100,경기도,용인시제9선거구,5413705,4137,용인시기흥구,마북동,관내사전투표,4011,4003,1749,2127,3876,127,8
4100,경기도,용인시제9선거구,5413705,4137,용인시기흥구,마북동,선거일투표,21114,9890,3951,5779,9730,160,11224
4100,경기도,용인시제9선거구,5413705,4137,용인시기흥구,동백1동,계,23495,12302,7052,5012,12064,238,11193
4100,경기도,용인시제9선거구,5413705,4137,용인시기흥구,동백1동,관내사전투표,3417,3414,2062,1268,3330,84,3
4100,경기도,용인시제9선거구,5413705,4137,용인시기흥구,동백1동,선거일투표,20078,8888,4990,3744,8734,154,11190
4100,경기도,용인시제9선거구,5413705,4137,용인시기흥구,동백2동,계,20274,11352,5972,5219,11191,161,8922
4100,경기도,용인시제9선거구,5413705,4137,용인시기흥구,동백2동,관내사전투표,4053,4046,2183,1762,3945,101,7
4100,경기도,용인시제9선거구,5413705,4137,용인시기흥구,동백2동,선거일투표,16221,7306,3789,3457,7246,60,8915
4100,경기도,용인시제9선거구,5413705,4137,용인시기흥구,잘못 투입·구분된 투표지,,0,31,10,14,24,7,-31
4100,경기도,용인시제10선거구,5413706,4137,용인시기흥구,합계,,102213,59707,26751,31927,58678,1029,42506
4100,경기도,용인시제10선거구,5413706,4137,용인시기흥구,거소투표,,121,111,37,70,107,4,10
4100,경기도,용인시제10선거구,5413706,4137,용인시기흥구,관외사전투표,,6791,6786,3297,3284,6581,205,5
4100,경기도,용인시제10선거구,5413706,4137,용인시기흥구,보정동,계,28322,16211,6804,9185,15989,222,12111
4100,경기도,용인시제10선거구,5413706,4137,용인시기흥구,보정동,관내사전투표,5054,5046,2451,2517,4968,78,8
4100,경기도,용인시제10선거구,5413706,4137,용인시기흥구,보정동,선거일투표,23268,11165,4353,6668,11021,144,12103
4100,경기도,용인시제10선거구,5413706,4137,용인시기흥구,죽전1동,계,22296,12547,5473,6881,12354,193,9749
4100,경기도,용인시제10선거구,5413706,4137,용인시기흥구,죽전1동,관내사전투표,3927,3924,1784,2065,3849,75,3
4100,경기도,용인시제10선거구,5413706,4137,용인시기흥구,죽전1동,선거일투표,18369,8623,3689,4816,8505,118,9746
4100,경기도,용인시제10선거구,5413706,4137,용인시기흥구,죽전3동,계,19661,9823,4613,5034,9647,176,9838
4100,경기도,용인시제10선거구,5413706,4137,용인시기흥구,죽전3동,관내사전투표,2539,2534,1250,1190,2440,94,5
4100,경기도,용인시제10선거구,5413706,4137,용인시기흥구,죽전3동,선거일투표,17122,7289,3363,3844,7207,82,9833
4100,경기도,용인시제10선거구,5413706,4137,용인시기흥구,상현2동,계,25022,14195,6512,7458,13970,225,10827
4100,경기도,용인시제10선거구,5413706,4137,용인시기흥구,상현2동,관내사전투표,4618,4613,2125,2405,4530,83,5
4100,경기도,용인시제10선거구,5413706,4137,용인시기흥구,상현2동,선거일투표,20404,9582,4387,5053,9440,142,10822
4100,경기도,용인시제10선거구,5413706,4137,용인시기흥구,잘못 투입·구분된 투표지,,0,34,15,15,30,4,-34
4100,경기도,안성시제1선거구,5413801,4138,안성시,합계,,99187,47274,23685,22392,46077,1197,51913
4100,경기도,안성시제1선거구,5413801,4138,안성시,거소투표,,102,96,48,40,88,8,6
4100,경기도,안성시제1선거구,5413801,4138,안성시,관외사전투표,,6478,6476,3447,2845,6292,184,2
4100,경기도,안성시제1선거구,5413801,4138,안성시,공도읍,계,45735,18900,10173,8393,18566,334,26835
4100,경기도,안성시제1선거구,5413801,4138,안성시,공도읍,관내사전투표,5171,5167,2866,2217,5083,84,4
4100,경기도,안성시제1선거구,5413801,4138,안성시,공도읍,선거일투표,40564,13733,7307,6176,13483,250,26831
4100,경기도,안성시제1선거구,5413801,4138,안성시,미양면,계,5016,2374,1001,1317,2318,56,2642
4100,경기도,안성시제1선거구,5413801,4138,안성시,미양면,관내사전투표,854,853,386,450,836,17,1
4100,경기도,안성시제1선거구,5413801,4138,안성시,미양면,선거일투표,4162,1521,615,867,1482,39,2641
4100,경기도,안성시제1선거구,5413801,4138,안성시,대덕면,계,12517,5060,2446,2377,4823,237,7457
4100,경기도,안성시제1선거구,5413801,4138,안성시,대덕면,관내사전투표,1648,1647,859,743,1602,45,1
4100,경기도,안성시제1선거구,5413801,4138,안성시,대덕면,선거일투표,10869,3413,1587,1634,3221,192,7456
4100,경기도,안성시제1선거구,5413801,4138,안성시,양성면,계,4544,2452,899,1490,2389,63,2092
4100,경기도,안성시제1선거구,5413801,4138,안성시,양성면,관내사전투표,951,950,372,536,908,42,1
4100,경기도,안성시제1선거구,5413801,4138,안성시,양성면,선거일투표,3593,1502,527,954,1481,21,2091
4100,경기도,안성시제1선거구,5413801,4138,안성시,원곡면,계,5612,2307,932,1304,2236,71,3305
4100,경기도,안성시제1선거구,5413801,4138,안성시,원곡면,관내사전투표,862,862,331,496,827,35,0
4100,경기도,안성시제1선거구,5413801,4138,안성시,원곡면,선거일투표,4750,1445,601,808,1409,36,3305
4100,경기도,안성시제1선거구,5413801,4138,안성시,고삼면,계,1857,1197,504,660,1164,33,660
4100,경기도,안성시제1선거구,5413801,4138,안성시,고삼면,관내사전투표,580,579,268,295,563,16,1
4100,경기도,안성시제1선거구,5413801,4138,안성시,고삼면,선거일투표,1277,618,236,365,601,17,659
4100,경기도,안성시제1선거구,5413801,4138,안성시,안성3동,계,17326,8394,4228,3956,8184,210,8932
4100,경기도,안성시제1선거구,5413801,4138,안성시,안성3동,관내사전투표,2757,2752,1484,1193,2677,75,5
4100,경기도,안성시제1선거구,5413801,4138,안성시,안성3동,선거일투표,14569,5642,2744,2763,5507,135,8927
4100,경기도,안성시제1선거구,5413801,4138,안성시,잘못 투입·구분된 투표지,,0,18,7,10,17,1,-18
4100,경기도,안성시제2선거구,5413802,4138,안성시,합계,,64331,34475,15427,18001,33428,1047,29856
4100,경기도,안성시제2선거구,5413802,4138,안성시,거소투표,,84,78,31,36,67,11,6
4100,경기도,안성시제2선거구,5413802,4138,안성시,관외사전투표,,3442,3439,1673,1677,3350,89,3
4100,경기도,안성시제2선거구,5413802,4138,안성시,보개면,계,4835,2829,1090,1651,2741,88,2006
4100,경기도,안성시제2선거구,5413802,4138,안성시,보개면,관내사전투표,1375,1375,608,737,1345,30,0
4100,경기도,안성시제2선거구,5413802,4138,안성시,보개면,선거일투표,3460,1454,482,914,1396,58,2006
4100,경기도,안성시제2선거구,5413802,4138,안성시,금광면,계,6209,3337,1555,1674,3229,108,2872
4100,경기도,안성시제2선거구,5413802,4138,안성시,금광면,관내사전투표,996,995,463,522,985,10,1
4100,경기도,안성시제2선거구,5413802,4138,안성시,금광면,선거일투표,5213,2342,1092,1152,2244,98,2871
4100,경기도,안성시제2선거구,5413802,4138,안성시,서운면,계,2967,1706,637,1029,1666,40,1261
4100,경기도,안성시제2선거구,5413802,4138,안성시,서운면,관내사전투표,813,813,342,458,800,13,0
4100,경기도,안성시제2선거구,5413802,4138,안성시,서운면,선거일투표,2154,893,295,571,866,27,1261
4100,경기도,안성시제2선거구,5413802,4138,안성시,일죽면,계,6534,3440,1274,2084,3358,82,3094
4100,경기도,안성시제2선거구,5413802,4138,안성시,일죽면,관내사전투표,1562,1560,609,905,1514,46,2
4100,경기도,안성시제2선거구,5413802,4138,안성시,일죽면,선거일투표,4972,1880,665,1179,1844,36,3092
4100,경기도,안성시제2선거구,5413802,4138,안성시,죽산면,계,6242,3331,1652,1547,3199,132,2911
4100,경기도,안성시제2선거구,5413802,4138,안성시,죽산면,관내사전투표,1717,1716,848,779,1627,89,1
4100,경기도,안성시제2선거구,5413802,4138,안성시,죽산면,선거일투표,4525,1615,804,768,1572,43,2910
4100,경기도,안성시제2선거구,5413802,4138,안성시,삼죽면,계,3394,1671,613,1010,1623,48,1723
4100,경기도,안성시제2선거구,5413802,4138,안성시,삼죽면,관내사전투표,795,794,309,473,782,12,1
4100,경기도,안성시제2선거구,5413802,4138,안성시,삼죽면,선거일투표,2599,877,304,537,841,36,1722
4100,경기도,안성시제2선거구,5413802,4138,안성시,안성1동,계,10618,5676,2427,3082,5509,167,4942
4100,경기도,안성시제2선거구,5413802,4138,안성시,안성1동,관내사전투표,2563,2563,1150,1356,2506,57,0
4100,경기도,안성시제2선거구,5413802,4138,안성시,안성1동,선거일투표,8055,3113,1277,1726,3003,110,4942
4100,경기도,안성시제2선거구,5413802,4138,안성시,안성2동,계,20006,8958,4471,4206,8677,281,11048
4100,경기도,안성시제2선거구,5413802,4138,안성시,안성2동,관내사전투표,3391,3389,1719,1494,3213,176,2
4100,경기도,안성시제2선거구,5413802,4138,안성시,안성2동,선거일투표,16615,5569,2752,2712,5464,105,11046
4100,경기도,안성시제2선거구,5413802,4138,안성시,잘못 투입·구분된 투표지,,0,10,4,5,9,1,-10
4100,경기도,김포시제1선거구,5413901,4139,김포시,합계,,106927,56361,25662,29542,55204,1157,50566
4100,경기도,김포시제1선거구,5413901,4139,김포시,거소투표,,83,78,27,43,70,8,5
4100,경기도,김포시제1선거구,5413901,4139,김포시,관외사전투표,,4750,4750,2287,2365,4652,98,0
4100,경기도,김포시제1선거구,5413901,4139,김포시,고촌읍,계,35825,18819,8236,10174,18410,409,17006
4100,경기도,김포시제1선거구,5413901,4139,김포시,고촌읍,관내사전투표,4737,4733,2249,2397,4646,87,4
4100,경기도,김포시제1선거구,5413901,4139,김포시,고촌읍,선거일투표,31088,14086,5987,7777,13764,322,17002
4100,경기도,김포시제1선거구,5413901,4139,김포시,사우동,계,19283,9449,4151,5023,9174,275,9834
4100,경기도,김포시제1선거구,5413901,4139,김포시,사우동,관내사전투표,3503,3500,1591,1851,3442,58,3
4100,경기도,김포시제1선거구,5413901,4139,김포시,사우동,선거일투표,15780,5949,2560,3172,5732,217,9831
4100,경기도,김포시제1선거구,5413901,4139,김포시,풍무동,계,46986,23249,10954,11930,22884,365,23737
4100,경기도,김포시제1선거구,5413901,4139,김포시,풍무동,관내사전투표,5208,5205,2592,2544,5136,69,3
4100,경기도,김포시제1선거구,5413901,4139,김포시,풍무동,선거일투표,41778,18044,8362,9386,17748,296,23734
4100,경기도,김포시제1선거구,5413901,4139,김포시,잘못 투입·구분된 투표지,,0,16,7,7,14,2,-16
4100,경기도,김포시제2선거구,5413902,4139,김포시,합계,,81722,42774,20614,21444,42058,716,38948
4100,경기도,김포시제2선거구,5413902,4139,김포시,거소투표,,87,81,35,40,75,6,6
4100,경기도,김포시제2선거구,5413902,4139,김포시,관외사전투표,,5273,5271,2774,2392,5166,105,2
4100,경기도,김포시제2선거구,5413902,4139,김포시,김포본동,계,46160,23135,10937,11792,22729,406,23025
4100,경기도,김포시제2선거구,5413902,4139,김포시,김포본동,관내사전투표,3972,3970,1863,2029,3892,78,2
4100,경기도,김포시제2선거구,5413902,4139,김포시,김포본동,선거일투표,42188,19165,9074,9763,18837,328,23023
4100,경기도,김포시제2선거구,5413902,4139,김포시,장기동,계,30202,14265,6862,7215,14077,188,15937
4100,경기도,김포시제2선거구,5413902,4139,김포시,장기동,관내사전투표,4043,4039,2066,1920,3986,53,4
4100,경기도,김포시제2선거구,5413902,4139,김포시,장기동,선거일투표,26159,10226,4796,5295,10091,135,15933
4100,경기도,김포시제2선거구,5413902,4139,김포시,잘못 투입·구분된 투표지,,0,22,6,5,11,11,-22
4100,경기도,김포시제3선거구,5413903,4139,김포시,합계,,108573,48949,21764,25832,47596,1353,59624
4100,경기도,김포시제3선거구,5413903,4139,김포시,거소투표,,109,107,39,54,93,14,2
4100,경기도,김포시제3선거구,5413903,4139,김포시,관외사전투표,,5017,5014,2346,2562,4908,106,3
4100,경기도,김포시제3선거구,5413903,4139,김포시,통진읍,계,24332,10026,4174,5596,9770,256,14306
4100,경기도,김포시제3선거구,5413903,4139,김포시,통진읍,관내사전투표,2932,2932,1309,1558,2867,65,0
4100,경기도,김포시제3선거구,5413903,4139,김포시,통진읍,선거일투표,21400,7094,2865,4038,6903,191,14306
4100,경기도,김포시제3선거구,5413903,4139,김포시,양촌읍,계,23846,9867,4488,5133,9621,246,13979
4100,경기도,김포시제3선거구,5413903,4139,김포시,양촌읍,관내사전투표,3210,3210,1523,1609,3132,78,0
4100,경기도,김포시제3선거구,5413903,4139,김포시,양촌읍,선거일투표,20636,6657,2965,3524,6489,168,13979
4100,경기도,김포시제3선거구,5413903,4139,김포시,대곶면,계,8800,3889,1388,2377,3765,124,4911
4100,경기도,김포시제3선거구,5413903,4139,김포시,대곶면,관내사전투표,1168,1167,440,700,1140,27,1
4100,경기도,김포시제3선거구,5413903,4139,김포시,대곶면,선거일투표,7632,2722,948,1677,2625,97,4910
4100,경기도,김포시제3선거구,5413903,4139,김포시,월곶면,계,4942,2513,877,1552,2429,84,2429
4100,경기도,김포시제3선거구,5413903,4139,김포시,월곶면,관내사전투표,1136,1135,447,648,1095,40,1
4100,경기도,김포시제3선거구,5413903,4139,김포시,월곶면,선거일투표,3806,1378,430,904,1334,44,2428
4100,경기도,김포시제3선거구,5413903,4139,김포시,하성면,계,7307,3568,1215,2209,3424,144,3739
4100,경기도,김포시제3선거구,5413903,4139,김포시,하성면,관내사전투표,1378,1376,476,847,1323,53,2
4100,경기도,김포시제3선거구,5413903,4139,김포시,하성면,선거일투표,5929,2192,739,1362,2101,91,3737
4100,경기도,김포시제3선거구,5413903,4139,김포시,구래동,계,34220,13948,7233,6340,13573,375,20272
4100,경기도,김포시제3선거구,5413903,4139,김포시,구래동,관내사전투표,3959,3959,2141,1743,3884,75,0
4100,경기도,김포시제3선거구,5413903,4139,김포시,구래동,선거일투표,30261,9989,5092,4597,9689,300,20272
4100,경기도,김포시제3선거구,5413903,4139,김포시,잘못 투입·구분된 투표지,,0,17,4,9,13,4,-17
4100,경기도,김포시제4선거구,5413904,4139,김포시,합계,,95382,47712,23914,22870,46784,928,47670
4100,경기도,김포시제4선거구,5413904,4139,김포시,거소투표,,91,87,49,33,82,5,4
4100,경기도,김포시제4선거구,5413904,4139,김포시,관외사전투표,,5111,5106,2697,2316,5013,93,5
4100,경기도,김포시제4선거구,5413904,4139,김포시,장기본동,계,28041,13507,6627,6656,13283,224,14534
4100,경기도,김포시제4선거구,5413904,4139,김포시,장기본동,관내사전투표,3697,3695,1791,1813,3604,91,2
4100,경기도,김포시제4선거구,5413904,4139,김포시,장기본동,선거일투표,24344,9812,4836,4843,9679,133,14532
4100,경기도,김포시제4선거구,5413904,4139,김포시,마산동,계,26513,11949,6222,5468,11690,259,14564
4100,경기도,김포시제4선거구,5413904,4139,김포시,마산동,관내사전투표,3146,3146,1756,1332,3088,58,0
4100,경기도,김포시제4선거구,5413904,4139,김포시,마산동,선거일투표,23367,8803,4466,4136,8602,201,14564
4100,경기도,김포시제4선거구,5413904,4139,김포시,운양동,계,35626,17052,8313,8392,16705,347,18574
4100,경기도,김포시제4선거구,5413904,4139,김포시,운양동,관내사전투표,4218,4216,2241,1945,4186,30,2
4100,경기도,김포시제4선거구,5413904,4139,김포시,운양동,선거일투표,31408,12836,6072,6447,12519,317,18572
4100,경기도,김포시제4선거구,5413904,4139,김포시,잘못 투입·구분된 투표지,,0,11,6,5,11,0,-11
4100,경기도,광주시제1선거구,5414001,4140,광주시,합계,,69743,32615,15177,16908,32085,530,37128
4100,경기도,광주시제1선거구,5414001,4140,광주시,거소투표,,106,96,32,50,82,14,10
4100,경기도,광주시제1선거구,5414001,4140,광주시,관외사전투표,,4384,4382,2183,2095,4278,104,2
4100,경기도,광주시제1선거구,5414001,4140,광주시,퇴촌면,계,13042,6009,2586,3325,5911,98,7033
4100,경기도,광주시제1선거구,5414001,4140,광주시,퇴촌면,관내사전투표,2206,2206,957,1193,2150,56,0
4100,경기도,광주시제1선거구,5414001,4140,광주시,퇴촌면,선거일투표,10836,3803,1629,2132,3761,42,7033
4100,경기도,광주시제1선거구,5414001,4140,광주시,남종면,계,1325,844,300,534,834,10,481
4100,경기도,광주시제1선거구,5414001,4140,광주시,남종면,관내사전투표,290,290,128,156,284,6,0
4100,경기도,광주시제1선거구,5414001,4140,광주시,남종면,선거일투표,1035,554,172,378,550,4,481
4100,경기도,광주시제1선거구,5414001,4140,광주시,남한산성면,계,2068,1173,470,689,1159,14,895
4100,경기도,광주시제1선거구,5414001,4140,광주시,남한산성면,관내사전투표,331,330,140,182,322,8,1
4100,경기도,광주시제1선거구,5414001,4140,광주시,남한산성면,선거일투표,1737,843,330,507,837,6,894
4100,경기도,광주시제1선거구,5414001,4140,광주시,송정동,계,17622,7696,3569,4019,7588,108,9926
4100,경기도,광주시제1선거구,5414001,4140,광주시,송정동,관내사전투표,1886,1884,915,933,1848,36,2
4100,경기도,광주시제1선거구,5414001,4140,광주시,송정동,선거일투표,15736,5812,2654,3086,5740,72,9924
4100,경기도,광주시제1선거구,5414001,4140,광주시,탄벌동,계,31196,12403,6031,6190,12221,182,18793
4100,경기도,광주시제1선거구,5414001,4140,광주시,탄벌동,관내사전투표,3760,3758,1842,1860,3702,56,2
4100,경기도,광주시제1선거구,5414001,4140,광주시,탄벌동,선거일투표,27436,8645,4189,4330,8519,126,18791
4100,경기도,광주시제1선거구,5414001,4140,광주시,잘못 투입·구분된 투표지,,0,12,6,6,12,0,-12
4100,경기도,광주시제2선거구,5414002,4140,광주시,합계,,94652,45117,22563,21800,44363,754,49535
4100,경기도,광주시제2선거구,5414002,4140,광주시,거소투표,,111,108,60,39,99,9,3
4100,경기도,광주시제2선거구,5414002,4140,광주시,관외사전투표,,5363,5359,2862,2364,5226,133,4
4100,경기도,광주시제2선거구,5414002,4140,광주시,경안동,계,23725,10358,4890,5283,10173,185,13367
4100,경기도,광주시제2선거구,5414002,4140,광주시,경안동,관내사전투표,3070,3068,1436,1550,2986,82,2
4100,경기도,광주시제2선거구,5414002,4140,광주시,경안동,선거일투표,20655,7290,3454,3733,7187,103,13365
4100,경기도,광주시제2선거구,5414002,4140,광주시,쌍령동,계,14421,6801,3473,3229,6702,99,7620
4100,경기도,광주시제2선거구,5414002,4140,광주시,쌍령동,관내사전투표,2649,2648,1410,1180,2590,58,1
4100,경기도,광주시제2선거구,5414002,4140,광주시,쌍령동,선거일투표,11772,4153,2063,2049,4112,41,7619
4100,경기도,광주시제2선거구,5414002,4140,광주시,광남1동,계,27177,10889,5184,5560,10744,145,16288
4100,경기도,광주시제2선거구,5414002,4140,광주시,광남1동,관내사전투표,3676,3673,1787,1821,3608,65,3
4100,경기도,광주시제2선거구,5414002,4140,광주시,광남1동,선거일투표,23501,7216,3397,3739,7136,80,16285
4100,경기도,광주시제2선거구,5414002,4140,광주시,광남2동,계,23855,11591,6089,5320,11409,182,12264
4100,경기도,광주시제2선거구,5414002,4140,광주시,광남2동,관내사전투표,3574,3574,1937,1578,3515,59,0
4100,경기도,광주시제2선거구,5414002,4140,광주시,광남2동,선거일투표,20281,8017,4152,3742,7894,123,12264
4100,경기도,광주시제2선거구,5414002,4140,광주시,잘못 투입·구분된 투표지,,0,11,5,5,10,1,-11
4100,경기도,광주시제3선거구,5414003,4140,광주시,합계,,95429,42113,20496,21100,41596,517,53316
4100,경기도,광주시제3선거구,5414003,4140,광주시,거소투표,,109,102,45,52,97,5,7
4100,경기도,광주시제3선거구,5414003,4140,광주시,관외사전투표,,7894,7885,4105,3635,7740,145,9
4100,경기도,광주시제3선거구,5414003,4140,광주시,오포읍,계,87426,34103,16333,17403,33736,367,53323
4100,경기도,광주시제3선거구,5414003,4140,광주시,오포읍,관내사전투표,5140,5135,2497,2553,5050,85,5
4100,경기도,광주시제3선거구,5414003,4140,광주시,오포읍,선거일투표,82286,28968,13836,14850,28686,282,53318
4100,경기도,광주시제3선거구,5414003,4140,광주시,잘못 투입·구분된 투표지,,0,23,13,10,23,0,-23
4100,경기도,광주시제4선거구,5414004,4140,광주시,합계,,69827,32263,14250,17656,31906,357,37564
4100,경기도,광주시제4선거구,5414004,4140,광주시,거소투표,,53,52,22,28,50,2,1
4100,경기도,광주시제4선거구,5414004,4140,광주시,관외사전투표,,3862,3858,1840,1933,3773,85,4
4100,경기도,광주시제4선거구,5414004,4140,광주시,초월읍,계,38065,16009,7446,8415,15861,148,22056
4100,경기도,광주시제4선거구,5414004,4140,광주시,초월읍,관내사전투표,4479,4471,2182,2231,4413,58,8
4100,경기도,광주시제4선거구,5414004,4140,광주시,초월읍,선거일투표,33586,11538,5264,6184,11448,90,22048
4100,경기도,광주시제4선거구,5414004,4140,광주시,곤지암읍,계,19677,8581,3522,4966,8488,93,11096
4100,경기도,광주시제4선거구,5414004,4140,광주시,곤지암읍,관내사전투표,2885,2883,1278,1555,2833,50,2
4100,경기도,광주시제4선거구,5414004,4140,광주시,곤지암읍,선거일투표,16792,5698,2244,3411,5655,43,11094
4100,경기도,광주시제4선거구,5414004,4140,광주시,도척면,계,8170,3750,1418,2303,3721,29,4420
4100,경기도,광주시제4선거구,5414004,4140,광주시,도척면,관내사전투표,1358,1358,546,805,1351,7,0
4100,경기도,광주시제4선거구,5414004,4140,광주시,도척면,선거일투표,6812,2392,872,1498,2370,22,4420
4100,경기도,광주시제4선거구,5414004,4140,광주시,잘못 투입·구분된 투표지,,0,13,2,11,13,0,-13
4100,경기도,포천시제1선거구,5414101,4141,포천시,합계,,65167,34114,12575,20269,32844,1270,31053
4100,경기도,포천시제1선거구,5414101,4141,포천시,거소투표,,188,165,65,77,142,23,23
4100,경기도,포천시제1선거구,5414101,4141,포천시,관외사전투표,,2915,2909,1225,1601,2826,83,6
4100,경기도,포천시제1선거구,5414101,4141,포천시,군내면,계,6949,3579,1257,2180,3437,142,3370
4100,경기도,포천시제1선거구,5414101,4141,포천시,군내면,관내사전투표,1463,1460,513,890,1403,57,3
4100,경기도,포천시제1선거구,5414101,4141,포천시,군내면,선거일투표,5486,2119,744,1290,2034,85,3367
4100,경기도,포천시제1선거구,5414101,4141,포천시,신북면,계,10292,4845,1608,3015,4623,222,5447
4100,경기도,포천시제1선거구,5414101,4141,포천시,신북면,관내사전투표,1643,1639,562,986,1548,91,4
4100,경기도,포천시제1선거구,5414101,4141,포천시,신북면,선거일투표,8649,3206,1046,2029,3075,131,5443
4100,경기도,포천시제1선거구,5414101,4141,포천시,창수면,계,1945,1203,386,758,1144,59,742
4100,경기도,포천시제1선거구,5414101,4141,포천시,창수면,관내사전투표,564,564,186,334,520,44,0
4100,경기도,포천시제1선거구,5414101,4141,포천시,창수면,선거일투표,1381,639,200,424,624,15,742
4100,경기도,포천시제1선거구,5414101,4141,포천시,영중면,계,4271,2380,761,1543,2304,76,1891
4100,경기도,포천시제1선거구,5414101,4141,포천시,영중면,관내사전투표,923,923,296,584,880,43,0
4100,경기도,포천시제1선거구,5414101,4141,포천시,영중면,선거일투표,3348,1457,465,959,1424,33,1891
4100,경기도,포천시제1선거구,5414101,4141,포천시,영북면,계,6983,3616,1239,2249,3488,128,3367
4100,경기도,포천시제1선거구,5414101,4141,포천시,영북면,관내사전투표,1312,1311,474,782,1256,55,1
4100,경기도,포천시제1선거구,5414101,4141,포천시,영북면,선거일투표,5671,2305,765,1467,2232,73,3366
4100,경기도,포천시제1선거구,5414101,4141,포천시,관인면,계,2434,1467,434,966,1400,67,967
4100,경기도,포천시제1선거구,5414101,4141,포천시,관인면,관내사전투표,569,569,172,363,535,34,0
4100,경기도,포천시제1선거구,5414101,4141,포천시,관인면,선거일투표,1865,898,262,603,865,33,967
4100,경기도,포천시제1선거구,5414101,4141,포천시,포천동,계,16395,8651,3338,5065,8403,248,7744
4100,경기도,포천시제1선거구,5414101,4141,포천시,포천동,관내사전투표,3723,3720,1498,2073,3571,149,3
4100,경기도,포천시제1선거구,5414101,4141,포천시,포천동,선거일투표,12672,4931,1840,2992,4832,99,7741
4100,경기도,포천시제1선거구,5414101,4141,포천시,선단동,계,12795,5287,2253,2812,5065,222,7508
4100,경기도,포천시제1선거구,5414101,4141,포천시,선단동,관내사전투표,2010,2009,860,1107,1967,42,1
4100,경기도,포천시제1선거구,5414101,4141,포천시,선단동,선거일투표,10785,3278,1393,1705,3098,180,7507
4100,경기도,포천시제1선거구,5414101,4141,포천시,잘못 투입·구분된 투표지,,0,12,9,3,12,0,-12
4100,경기도,포천시제2선거구,5414102,4141,포천시,합계,,66813,33639,14116,18461,32577,1062,33174
4100,경기도,포천시제2선거구,5414102,4141,포천시,거소투표,,104,98,37,56,93,5,6
4100,경기도,포천시제2선거구,5414102,4141,포천시,관외사전투표,,3102,3097,1456,1547,3003,94,5
4100,경기도,포천시제2선거구,5414102,4141,포천시,소흘읍,계,37065,17098,7872,8771,16643,455,19967
4100,경기도,포천시제2선거구,5414102,4141,포천시,소흘읍,관내사전투표,5694,5687,2737,2770,5507,180,7
4100,경기도,포천시제2선거구,5414102,4141,포천시,소흘읍,선거일투표,31371,11411,5135,6001,11136,275,19960
4100,경기도,포천시제2선거구,5414102,4141,포천시,내촌면,계,4151,2155,743,1294,2037,118,1996
4100,경기도,포천시제2선거구,5414102,4141,포천시,내촌면,관내사전투표,934,934,350,538,888,46,0
4100,경기도,포천시제2선거구,5414102,4141,포천시,내촌면,선거일투표,3217,1221,393,756,1149,72,1996
4100,경기도,포천시제2선거구,5414102,4141,포천시,가산면,계,6832,3413,1421,1863,3284,129,3419
4100,경기도,포천시제2선거구,5414102,4141,포천시,가산면,관내사전투표,1423,1420,605,771,1376,44,3
4100,경기도,포천시제2선거구,5414102,4141,포천시,가산면,선거일투표,5409,1993,816,1092,1908,85,3416
4100,경기도,포천시제2선거구,5414102,4141,포천시,일동면,계,8127,4120,1392,2600,3992,128,4007
4100,경기도,포천시제2선거구,5414102,4141,포천시,일동면,관내사전투표,1440,1439,537,851,1388,51,1
4100,경기도,포천시제2선거구,5414102,4141,포천시,일동면,선거일투표,6687,2681,855,1749,2604,77,4006
4100,경기도,포천시제2선거구,5414102,4141,포천시,이동면,계,5136,2444,818,1526,2344,100,2692
4100,경기도,포천시제2선거구,5414102,4141,포천시,이동면,관내사전투표,788,787,275,477,752,35,1
4100,경기도,포천시제2선거구,5414102,4141,포천시,이동면,선거일투표,4348,1657,543,1049,1592,65,2691
4100,경기도,포천시제2선거구,5414102,4141,포천시,화현면,계,2296,1189,368,790,1158,31,1107
4100,경기도,포천시제2선거구,5414102,4141,포천시,화현면,관내사전투표,499,499,162,315,477,22,0
4100,경기도,포천시제2선거구,5414102,4141,포천시,화현면,선거일투표,1797,690,206,475,681,9,1107
4100,경기도,포천시제2선거구,5414102,4141,포천시,잘못 투입·구분된 투표지,,0,25,9,14,23,2,-25
4100,경기도,연천군선거구,5414201,4142,연천군,합계,,37898,22795,9305,12478,21783,1012,15103
4100,경기도,연천군선거구,5414201,4142,연천군,거소투표,,341,332,134,154,288,44,9
4100,경기도,연천군선거구,5414201,4142,연천군,관외사전투표,,2503,2503,1143,1264,2407,96,0
4100,경기도,연천군선거구,5414201,4142,연천군,연천읍,계,6070,3416,1342,1875,3217,199,2654
4100,경기도,연천군선거구,5414201,4142,연천군,연천읍,관내사전투표,1128,1127,497,562,1059,68,1
4100,경기도,연천군선거구,5414201,4142,연천군,연천읍,선거일투표,4942,2289,845,1313,2158,131,2653
4100,경기도,연천군선거구,5414201,4142,연천군,전곡읍,계,14953,8109,3609,4202,7811,298,6844
4100,경기도,연천군선거구,5414201,4142,연천군,전곡읍,관내사전투표,2871,2870,1318,1437,2755,115,1
4100,경기도,연천군선거구,5414201,4142,연천군,전곡읍,선거일투표,12082,5239,2291,2765,5056,183,6843
4100,경기도,연천군선거구,5414201,4142,연천군,군남면,계,2640,1570,636,879,1515,55,1070
4100,경기도,연천군선거구,5414201,4142,연천군,군남면,관내사전투표,347,347,160,173,333,14,0
4100,경기도,연천군선거구,5414201,4142,연천군,군남면,선거일투표,2293,1223,476,706,1182,41,1070
4100,경기도,연천군선거구,5414201,4142,연천군,청산면,계,3588,2028,660,1300,1960,68,1560
4100,경기도,연천군선거구,5414201,4142,연천군,청산면,관내사전투표,596,596,221,350,571,25,0
4100,경기도,연천군선거구,5414201,4142,연천군,청산면,선거일투표,2992,1432,439,950,1389,43,1560
4100,경기도,연천군선거구,5414201,4142,연천군,백학면,계,2243,1310,464,770,1234,76,933
4100,경기도,연천군선거구,5414201,4142,연천군,백학면,관내사전투표,474,474,171,255,426,48,0
4100,경기도,연천군선거구,5414201,4142,연천군,백학면,선거일투표,1769,836,293,515,808,28,933
4100,경기도,연천군선거구,5414201,4142,연천군,미산면,계,1401,820,281,516,797,23,581
4100,경기도,연천군선거구,5414201,4142,연천군,미산면,관내사전투표,304,304,108,188,296,8,0
4100,경기도,연천군선거구,5414201,4142,연천군,미산면,선거일투표,1097,516,173,328,501,15,581
4100,경기도,연천군선거구,5414201,4142,연천군,왕징면,계,937,656,243,361,604,52,281
4100,경기도,연천군선거구,5414201,4142,연천군,왕징면,관내사전투표,232,232,84,130,214,18,0
4100,경기도,연천군선거구,5414201,4142,연천군,왕징면,선거일투표,705,424,159,231,390,34,281
4100,경기도,연천군선거구,5414201,4142,연천군,신서면,계,2386,1508,598,837,1435,73,878
4100,경기도,연천군선거구,5414201,4142,연천군,신서면,관내사전투표,517,517,196,294,490,27,0
4100,경기도,연천군선거구,5414201,4142,연천군,신서면,선거일투표,1869,991,402,543,945,46,878
4100,경기도,연천군선거구,5414201,4142,연천군,중면,계,176,109,36,69,105,4,67
4100,경기도,연천군선거구,5414201,4142,연천군,중면,관내사전투표,48,48,19,28,47,1,0
4100,경기도,연천군선거구,5414201,4142,연천군,중면,선거일투표,128,61,17,41,58,3,67
4100,경기도,연천군선거구,5414201,4142,연천군,장남면,계,660,431,157,251,408,23,229
4100,경기도,연천군선거구,5414201,4142,연천군,장남면,관내사전투표,140,139,50,81,131,8,1
4100,경기도,연천군선거구,5414201,4142,연천군,장남면,선거일투표,520,292,107,170,277,15,228
4100,경기도,연천군선거구,5414201,4142,연천군,잘못 투입·구분된 투표지,,0,3,2,0,2,1,-3
4100,경기도,양평군제1선거구,5414301,4143,양평군,합계,,55511,32315,12970,18256,31226,1089,23196
4100,경기도,양평군제1선거구,5414301,4143,양평군,거소투표,,132,126,37,50,87,39,6
4100,경기도,양평군제1선거구,5414301,4143,양평군,관외사전투표,,4502,4501,1887,2498,4385,116,1
4100,경기도,양평군제1선거구,5414301,4143,양평군,양평읍,계,24325,12925,5325,7221,12546,379,11400
4100,경기도,양평군제1선거구,5414301,4143,양평군,양평읍,관내사전투표,4496,4495,1967,2368,4335,160,1
4100,경기도,양평군제1선거구,5414301,4143,양평군,양평읍,선거일투표,19829,8430,3358,4853,8211,219,11399
4100,경기도,양평군제1선거구,5414301,4143,양평군,양서면,계,11366,6019,2323,3474,5797,222,5347
4100,경기도,양평군제1선거구,5414301,4143,양평군,양서면,관내사전투표,1959,1956,800,1091,1891,65,3
4100,경기도,양평군제1선거구,5414301,4143,양평군,양서면,선거일투표,9407,4063,1523,2383,3906,157,5344
4100,경기도,양평군제1선거구,5414301,4143,양평군,옥천면,계,7329,4418,1757,2434,4191,227,2911
4100,경기도,양평군제1선거구,5414301,4143,양평군,옥천면,관내사전투표,2221,2220,950,1156,2106,114,1
4100,경기도,양평군제1선거구,5414301,4143,양평군,옥천면,선거일투표,5108,2198,807,1278,2085,113,2910
4100,경기도,양평군제1선거구,5414301,4143,양평군,서종면,계,7857,4318,1637,2576,4213,105,3539
4100,경기도,양평군제1선거구,5414301,4143,양평군,서종면,관내사전투표,1477,1475,626,785,1411,64,2
4100,경기도,양평군제1선거구,5414301,4143,양평군,서종면,선거일투표,6380,2843,1011,1791,2802,41,3537
4100,경기도,양평군제1선거구,5414301,4143,양평군,잘못 투입·구분된 투표지,,0,8,4,3,7,1,-8
4100,경기도,양평군제2선거구,5414302,4143,양평군,합계,,51654,31105,11640,18261,29901,1204,20549
4100,경기도,양평군제2선거구,5414302,4143,양평군,거소투표,,107,96,42,41,83,13,11
4100,경기도,양평군제2선거구,5414302,4143,양평군,관외사전투표,,3498,3496,1432,1961,3393,103,2
4100,경기도,양평군제2선거구,5414302,4143,양평군,강상면,계,8096,4573,1894,2528,4422,151,3523
4100,경기도,양평군제2선거구,5414302,4143,양평군,강상면,관내사전투표,1858,1858,806,976,1782,76,0
4100,경기도,양평군제2선거구,5414302,4143,양평군,강상면,선거일투표,6238,2715,1088,1552,2640,75,3523
4100,경기도,양평군제2선거구,5414302,4143,양평군,강하면,계,4115,2394,776,1568,2344,50,1721
4100,경기도,양평군제2선거구,5414302,4143,양평군,강하면,관내사전투표,1027,1027,352,658,1010,17,0
4100,경기도,양평군제2선거구,5414302,4143,양평군,강하면,선거일투표,3088,1367,424,910,1334,33,1721
4100,경기도,양평군제2선거구,5414302,4143,양평군,단월면,계,3412,2050,705,1231,1936,114,1362
4100,경기도,양평군제2선거구,5414302,4143,양평군,단월면,관내사전투표,948,947,343,540,883,64,1
4100,경기도,양평군제2선거구,5414302,4143,양평군,단월면,선거일투표,2464,1103,362,691,1053,50,1361
4100,경기도,양평군제2선거구,5414302,4143,양평군,청운면,계,3380,2062,724,1233,1957,105,1318
4100,경기도,양평군제2선거구,5414302,4143,양평군,청운면,관내사전투표,952,952,366,506,872,80,0
4100,경기도,양평군제2선거구,5414302,4143,양평군,청운면,선거일투표,2428,1110,358,727,1085,25,1318
4100,경기도,양평군제2선거구,5414302,4143,양평군,양동면,계,3984,2313,752,1456,2208,105,1671
4100,경기도,양평군제2선거구,5414302,4143,양평군,양동면,관내사전투표,1092,1092,366,650,1016,76,0
4100,경기도,양평군제2선거구,5414302,4143,양평군,양동면,선거일투표,2892,1221,386,806,1192,29,1671
4100,경기도,양평군제2선거구,5414302,4143,양평군,지평면,계,6030,3569,1235,2184,3419,150,2461
4100,경기도,양평군제2선거구,5414302,4143,양평군,지평면,관내사전투표,1400,1400,530,810,1340,60,0
4100,경기도,양평군제2선거구,5414302,4143,양평군,지평면,선거일투표,4630,2169,705,1374,2079,90,2461
4100,경기도,양평군제2선거구,5414302,4143,양평군,용문면,계,14595,7951,3201,4510,7711,240,6644
4100,경기도,양평군제2선거구,5414302,4143,양평군,용문면,관내사전투표,2676,2675,1195,1422,2617,58,1
4100,경기도,양평군제2선거구,5414302,4143,양평군,용문면,선거일투표,11919,5276,2006,3088,5094,182,6643
4100,경기도,양평군제2선거구,5414302,4143,양평군,개군면,계,4437,2593,875,1546,2421,172,1844
4100,경기도,양평군제2선거구,5414302,4143,양평군,개군면,관내사전투표,949,948,337,552,889,59,1
4100,경기도,양평군제2선거구,5414302,4143,양평군,개군면,선거일투표,3488,1645,538,994,1532,113,1843
4100,경기도,양평군제2선거구,5414302,4143,양평군,잘못 투입·구분된 투표지,,0,8,4,3,7,1,-8
4100,경기도,가평군선거구,5414401,4144,가평군,합계,,55791,33163,10379,19587,2090,32056,1107,22628
4100,경기도,가평군선거구,5414401,4144,가평군,거소투표,,351,328,147,109,30,286,42,23
4100,경기도,가평군선거구,5414401,4144,가평군,관외사전투표,,3150,3149,1187,1800,104,3091,58,1
4100,경기도,가평군선거구,5414401,4144,가평군,가평읍,계,16262,9580,3139,5137,985,9261,319,6682
4100,경기도,가평군선거구,5414401,4144,가평군,가평읍,관내사전투표,3695,3685,1320,1853,391,3564,121,10
4100,경기도,가평군선거구,5414401,4144,가평군,가평읍,선거일투표,12567,5895,1819,3284,594,5697,198,6672
4100,경기도,가평군선거구,5414401,4144,가평군,설악면,계,8159,4430,1258,2906,131,4295,135,3729
4100,경기도,가평군선거구,5414401,4144,가평군,설악면,관내사전투표,1810,1809,511,1191,54,1756,53,1
4100,경기도,가평군선거구,5414401,4144,가평군,설악면,선거일투표,6349,2621,747,1715,77,2539,82,3728
4100,경기도,가평군선거구,5414401,4144,가평군,청평면,계,11865,6606,2014,4182,270,6466,140,5259
4100,경기도,가평군선거구,5414401,4144,가평군,청평면,관내사전투표,2270,2270,773,1354,88,2215,55,0
4100,경기도,가평군선거구,5414401,4144,가평군,청평면,선거일투표,9595,4336,1241,2828,182,4251,85,5259
4100,경기도,가평군선거구,5414401,4144,가평군,상면,계,4982,2882,816,1851,104,2771,111,2100
4100,경기도,가평군선거구,5414401,4144,가평군,상면,관내사전투표,1006,1006,302,628,47,977,29,0
4100,경기도,가평군선거구,5414401,4144,가평군,상면,선거일투표,3976,1876,514,1223,57,1794,82,2100
4100,경기도,가평군선거구,5414401,4144,가평군,조종면,계,7694,4196,1276,2493,193,3962,234,3498
4100,경기도,가평군선거구,5414401,4144,가평군,조종면,관내사전투표,1449,1449,461,828,55,1344,105,0
4100,경기도,가평군선거구,5414401,4144,가평군,조종면,선거일투표,6245,2747,815,1665,138,2618,129,3498
4100,경기도,가평군선거구,5414401,4144,가평군,북면,계,3328,1978,538,1101,271,1910,68,1350
4100,경기도,가평군선거구,5414401,4144,가평군,북면,관내사전투표,726,726,220,385,93,698,28,0
4100,경기도,가평군선거구,5414401,4144,가평군,북면,선거일투표,2602,1252,318,716,178,1212,40,1350
4100,경기도,가평군선거구,5414401,4144,가평군,잘못 투입·구분된 투표지,,0,14,4,8,2,14,0,-14